# genetated time: 2023-11-28 23:13:38.626236
# histogram number: 2048
# sample number: 100
# tune number: 5
###
# op_name    threshold    min    max
input 255.0000000 0.0000000 255.0000000
444_Resize 255.0000000 0.0000000 255.0000000
445_Conv 138.8489814 -116.8497696 147.5452881
446_Conv 132.3422692 -160.9509735 137.8442993
447_Conv 57.0309572 -98.9303055 117.7135086
448_LeakyRelu 44.8944470 -19.7860622 117.7135086
449_Conv 27.7254166 -69.2966156 65.8540192
450_Conv 37.5940933 -150.3029480 121.1595535
451_LeakyRelu 37.4931697 -30.0605907 121.1595535
452_Conv 41.3890381 -114.5390167 165.4753113
454_Relu 72.0644749 -0.0000000 98.0922165
456_Relu 48.0422974 -0.0000000 69.8455887
457_Conv 36.0624847 -72.0897522 54.4677086
458_GlobalAveragePool 12.4664421 -10.1320257 12.4664421
460_Relu 10.1078815 -0.0000000 10.1078815
461_Conv 45.1197433 -7.4848332 45.1197433
462_Sigmoid 1.0000000 0.0005612 1.0000000
463_Mul 33.7492724 -44.9917030 39.8457680
464_Add 51.7043457 -108.0336761 165.3731079
466_Relu 49.8022423 -0.0000000 199.1116943
468_Relu 41.4218330 -0.0000000 110.4042892
469_Conv 52.2387390 -104.4264603 89.3652573
470_GlobalAveragePool 14.1231613 -14.1231613 12.5045109
472_Relu 9.1086664 -0.0000000 9.1086664
473_Conv 30.2373199 -6.0467844 30.2373199
474_Sigmoid 1.0000000 0.0023599 1.0000000
475_Mul 38.6159286 -88.2218781 75.1377563
476_Add 63.2594223 -123.2381134 202.3312988
478_Relu 76.9776382 -0.0000000 205.1734619
480_Relu 82.6288681 -0.0000000 188.7737579
481_Conv 76.3955841 -174.5332031 149.2927551
482_GlobalAveragePool 29.7394505 -29.7394505 15.1555195
484_Relu 15.4668503 -0.0000000 15.4668503
485_Conv 54.8937340 -7.6155419 58.5247269
486_Sigmoid 1.0000000 0.0004925 1.0000000
487_Mul 55.5272522 -108.9654694 148.0003815
488_Add 92.4099121 -160.8132629 246.3060913
490_Relu 87.3569412 -0.0000000 199.5755005
492_Relu 71.5101166 -0.0000000 190.6005249
493_Conv 75.6915622 -218.1187134 150.1281891
494_GlobalAveragePool 28.3313198 -28.3313198 25.2639980
496_Relu 14.4659176 -0.0000000 14.4659176
497_Conv 74.7309341 -61.3164406 74.7309341
498_Sigmoid 1.0000000 0.0000000 1.0000000
499_Mul 61.8846898 -170.6675110 129.0395050
500_Add 86.9847870 -188.1986389 231.8461761
501_Concat 72.4873276 -188.1986389 231.8461761
502_Conv 61.3152275 -122.5705795 101.2791138
504_Relu 81.7648010 -0.0000000 145.2886658
506_Relu 58.7059441 -0.0000000 117.3545609
507_Conv 64.3857332 -122.5853119 112.4116516
508_GlobalAveragePool 24.2228184 -24.2228184 18.1898003
510_Relu 20.3585377 -0.0000000 20.3585377
511_Conv 94.1764450 -18.5584774 94.1764450
512_Sigmoid 1.0000000 0.0000000 1.0000000
513_Mul 47.9561531 -102.2724838 73.6744537
514_Add 65.3449097 -130.6260071 124.1587219
515_Conv 86.7451019 -168.6057434 198.1777039
516_DepthToSpace 86.7451019 -168.6057434 198.1777039
518_Relu 59.5466080 -0.0000000 158.7134247
520_Relu 53.6875153 -0.0000000 122.6544037
521_Conv 46.5641823 -78.6323242 93.0828934
522_GlobalAveragePool 13.9995165 -11.0629950 13.9995165
524_Relu 39.8431931 -0.0000000 39.8431931
525_Conv 30.3394337 0.1498707 30.3394337
526_Sigmoid 1.0000000 0.5373977 1.0000000
527_Mul 72.1449738 -78.6323242 93.0770874
528_Add 93.6131973 -182.6786346 187.1349792
530_Relu 82.7268913 -0.0000000 203.5482178
532_Relu 61.2449875 -0.0000000 195.8882751
533_Conv 50.8547401 -99.5489044 116.1826477
534_GlobalAveragePool 15.5991430 -11.3431902 15.5991430
536_Relu 5.3626223 -0.0000000 5.3626223
537_Conv 5.4208531 -1.2738253 5.4208531
538_Sigmoid 0.9955961 0.2186031 0.9955961
539_Mul 71.4473648 -67.1807785 71.4473648
540_Add 87.9388046 -216.1585693 234.3889771
542_Relu 87.6044083 -0.0000000 175.1232605
544_Relu 73.3089600 -0.0000000 106.5791550
545_Conv 58.2102661 -97.1048203 103.4343872
546_GlobalAveragePool 12.0339260 -11.2788372 12.0339260
548_Relu 7.9261522 -0.0000000 7.9261522
549_Conv 15.1654701 -1.9002144 15.1654701
550_Sigmoid 0.9999998 0.1300842 0.9999998
551_Mul 75.1233406 -80.2102432 90.3590088
552_Add 108.9294739 -243.2143097 248.8600922
554_Relu 115.0845184 -0.0000000 306.7422180
556_Relu 57.8432083 -0.0000000 185.0078888
557_Conv 47.0638504 -150.5307922 93.0670929
558_GlobalAveragePool 11.2035198 -11.2035198 9.8104973
560_Relu 22.3665562 -0.0000000 22.3665562
561_Conv 26.8126137 -0.2484590 27.3211308
562_Sigmoid 1.0000000 0.4382028 1.0000000
563_Mul 81.2234209 -123.7500229 69.4477997
564_Add 91.5024567 -241.5948486 292.6648865
565_Concat 91.5024567 -241.5948486 292.6648865
566_Conv 51.3239708 -92.4934616 102.5978241
568_Relu 54.7820282 -0.0000000 109.5105591
570_Relu 58.6099968 -0.0000000 93.7302017
571_Conv 38.5355631 -53.8404160 66.9941788
572_GlobalAveragePool 11.6175776 -8.4707165 11.6175776
574_Relu 14.4048481 -0.0000000 14.4048481
575_Conv 10.5737076 -1.5401206 10.5737076
576_Sigmoid 0.9999744 0.1765177 0.9999744
577_Mul 39.9615851 -52.3819466 55.5904617
578_Add 55.8340416 -93.1222076 127.5583496
579_Conv 78.2872238 -134.5454712 139.1093292
580_DepthToSpace 139.1093292 -134.5454712 139.1093292
581_Conv 68.8651127 -108.3455658 113.5639114
582_LeakyRelu 62.4795700 -21.6691132 113.5639114
583_Conv 38.5999771 -93.1147308 110.2625656
584_ConvTranspose 36.0729069 -110.9560318 75.1325684
585_Add 56.5898170 -180.9989929 120.6320496
587_Relu 41.4627266 -0.0000000 132.6159363
589_Relu 44.5853844 -0.0000000 118.8363037
590_Conv 35.7876434 -102.6294479 114.4645386
591_GlobalAveragePool 9.5325842 -6.8541832 9.5325842
593_Relu 13.7286768 -0.0000000 13.7286768
594_Conv 18.4331379 -1.9727912 24.5655155
595_Sigmoid 1.0000000 0.1220894 1.0000000
596_Mul 44.6536596 -93.8032379 107.4038467
597_Add 59.4421616 -237.6525421 137.2537231
598_ConvTranspose 42.7122929 -111.9918823 85.5139008
599_Add 69.1575165 -221.1959991 183.1002960
601_Relu 75.1725159 -0.0000000 240.4345856
603_Relu 70.6892837 -0.0000000 203.7037506
604_Conv 49.5520592 -158.4891663 122.8943863
605_GlobalAveragePool 11.5155344 -11.5155344 7.3086290
607_Relu 13.4779549 -0.0000000 13.4779549
608_Conv 14.3815861 -2.0267334 14.3815861
609_Sigmoid 0.9999994 0.1164245 0.9999994
610_Mul 50.5326298 -155.4324493 105.2269287
611_Add 71.2224350 -227.8005066 191.4866943
612_Conv 64.2483368 -146.7816467 121.1088715
613_Add 95.9817734 -255.8264313 245.4119568
615_Relu 127.8545532 -0.0000000 340.7789917
617_Relu 129.0888916 -0.0000000 317.6212158
618_Conv 73.4908142 -195.8798065 170.3726654
619_GlobalAveragePool 16.2271156 -12.7559023 16.2271156
621_Relu 13.2963991 -0.0000000 13.2963991
622_Conv 9.1655397 -8.5291901 9.1655397
623_Sigmoid 0.9998955 0.0001976 0.9998955
624_Mul 79.3761188 -190.9205322 170.0038910
625_Add 129.6179504 -345.4791260 325.3413086
626_Conv 95.2651382 -105.7023468 129.1441956
627_Add 150.2734680 -343.3144836 341.6485901
629_Relu 132.7144470 -0.0000000 530.5985718
631_Relu 156.5286865 -0.0000000 312.9045105
632_Conv 92.4527969 -184.8153076 141.3717499
633_GlobalAveragePool 19.4610023 -19.4610023 18.7542725
635_Relu 9.4165707 -0.0000000 9.4165707
636_Conv 19.1999397 -19.1999397 17.1405163
637_Sigmoid 1.0000000 0.0000000 1.0000000
638_Mul 96.4222965 -166.7382812 139.2072906
639_Add 146.1725922 -380.3504639 389.6032410
641_Relu 183.0334473 -0.0000000 418.1578979
643_Relu 227.7119904 -0.0000000 520.2304077
644_Conv 154.2130432 -411.0339661 313.9961853
645_GlobalAveragePool 28.1157074 -28.1157074 23.6080322
647_Relu 48.4696198 -0.0000000 48.4696198
648_Conv 86.5661621 -69.8618774 86.5661621
649_Sigmoid 1.0000000 0.0000000 1.0000000
650_Mul 102.9396736 -382.9138794 313.9961853
651_Add 170.4683075 -438.3737488 545.2322388
652_Conv 197.9844055 -527.7006226 488.5932007
653_DepthToSpace 197.9844055 -527.7006226 488.5932007
654_ConvTranspose 56.5216408 -49.9028587 56.5216408
655_Add 135.6121216 -166.8257294 148.9498444
657_Relu 56.9665909 -0.0000000 130.1457672
659_Relu 36.2742199 -0.0000000 126.1203003
660_Conv 22.2404865 -109.4776382 92.7559280
661_GlobalAveragePool 2.6902745 -2.1404142 2.6902745
663_Relu 0.2474843 -0.0000000 0.2474843
664_Conv 0.6653367 -0.4861637 0.6653367
665_Sigmoid 0.6604581 0.3807977 0.6604581
666_Mul 45.4695473 -43.0124893 45.4695473
667_Add 145.3351135 -166.0161743 145.2031555
668_ConvTranspose 68.3210297 -68.3210297 45.7277298
669_Add 141.4081077 -171.9765930 146.4319153
671_Relu 66.8939972 -0.0000000 118.8646011
673_Relu 36.6937447 -0.0000000 75.7369232
674_Conv 15.5509415 -49.7387123 43.3903770
675_GlobalAveragePool 2.1484475 -1.8356071 2.1484475
677_Relu 0.3814833 -0.0000000 0.3814833
678_Conv 0.5812848 -0.4221683 0.5812848
679_Sigmoid 0.6413630 0.3959980 0.6413630
680_Mul 23.6598511 -23.6598511 20.9548283
681_Add 141.2691208 -171.8075562 146.9723663
682_ConvTranspose 132.6569061 -171.1621094 128.5225372
683_Add 166.3183289 -241.7994537 185.6687164
685_Relu 136.3159180 -0.0000000 242.2210846
687_Relu 44.1132851 -0.0000000 117.5779877
688_Conv 25.1579762 -100.5827713 49.1281776
689_GlobalAveragePool 2.3130894 -2.3130894 2.0381775
691_Relu 0.0343840 -0.0000000 0.0343840
692_Conv 0.5863245 -0.4372563 0.5863245
693_Sigmoid 0.6425214 0.3923949 0.6425214
694_Mul 59.2523499 -59.2523499 31.4717236
695_Add 164.2849731 -238.8432770 182.2132874
696_ConvTranspose 135.3955498 -143.4622345 135.4656525
697_Add 179.2397461 -318.4928589 240.5401917
699_Relu 98.0899887 -0.0000000 261.4455872
701_Relu 66.7625732 -0.0000000 213.5359344
702_Conv 28.9088440 -87.3943024 92.4631271
703_GlobalAveragePool 4.3083472 -4.3083472 3.4363222
705_Relu 1.3416251 -0.0000000 1.3416251
706_Conv 1.1395559 -0.5487167 1.1395559
707_Sigmoid 0.7575981 0.3661622 0.7575981
708_Mul 49.2894478 -44.7120247 49.2894478
709_Add 147.5692291 -337.1363831 250.3413086
711_Relu 119.2384010 -0.0000000 293.3842468
713_Relu 61.0088279 -0.0000000 168.2520294
714_Conv 30.4915967 -100.8401718 106.0149460
715_GlobalAveragePool 5.3503132 -4.0394092 5.3503132
717_Relu 1.2988272 -0.0000000 1.2988272
718_Conv 1.3690262 -0.5462810 1.3690262
719_Sigmoid 0.7972228 0.3667277 0.7972228
720_Mul 79.2210999 -53.8363152 79.2210999
721_Add 147.8806305 -337.8478394 255.6121674
722_Add 216.3056946 -576.5335083 546.7837524
723_Add 253.9777222 -580.2370605 553.9318848
725_Relu 240.5351410 -0.0000000 549.5261841
727_Relu 125.9133659 -0.0000000 228.8419189
728_Conv 91.3721771 -208.7487183 180.1682892
729_GlobalAveragePool 7.0649552 -6.3662434 7.0649552
731_Relu 3.7934842 -0.0000000 3.7934842
732_Conv 4.7301011 -1.8321943 4.7301011
733_Sigmoid 0.9912516 0.1379771 0.9912516
734_Mul 193.7410431 -193.7410431 169.2651672
735_Add 252.2808380 -576.3603516 568.1409912
737_Relu 308.9737549 -0.0000000 617.6457520
739_Relu 183.4441986 -0.0000000 293.3674011
740_Conv 97.0799408 -218.6760712 221.7886505
741_GlobalAveragePool 12.7818365 -6.6328630 12.7818365
743_Relu 5.0078502 -0.0000000 5.0078502
744_Conv 5.6146379 -0.9880307 5.6146379
745_Sigmoid 0.9963691 0.2713012 0.9963691
746_Mul 202.2720856 -204.2468109 209.4710541
747_Add 252.5763550 -577.0354614 558.4658203
749_Relu 185.9442443 -0.0000000 354.0230408
751_Relu 132.0133366 -0.0000000 229.5055389
752_Conv 119.4652565 -313.2386169 214.3165741
753_GlobalAveragePool 14.1833467 -14.1833467 9.8710995
755_Relu 3.1955605 -0.0000000 3.1955605
756_Conv 3.8953431 -1.8985856 3.8953431
757_Sigmoid 0.9800689 0.1302686 0.9800689
758_Mul 215.6237945 -301.2948608 191.6824646
759_Add 303.6372818 -647.5444336 556.5148926
761_Relu 290.7518829 -0.0000000 553.5684204
763_Relu 312.0117080 -0.0000000 601.3444824
764_Conv 215.9587746 -239.7070160 552.7572632
765_GlobalAveragePool 53.0416145 -15.4107084 53.0416145
767_Relu 4.8277969 -0.0000000 4.8277969
768_Conv 3.6513638 -1.8686585 3.6513638
769_Sigmoid 0.9747010 0.1336970 0.9747010
770_Mul 256.4442230 -187.2486267 500.3253174
771_Add 423.2867676 -619.6474609 856.9558105
772_Conv 218.8137756 -241.6170807 344.8526001
output_Conv 280.1314087 -135.4027863 447.9913940
