# genetated time: 2023-11-28 22:51:40.731736
# histogram number: 2048
# sample number: 100
# tune number: 5
###
# op_name    threshold    min    max
input 255.0000000 0.0000000 255.0000000
444_Resize 255.0000000 0.0000000 255.0000000
445_Conv 136.1405747 -115.5225983 150.2073822
446_Conv 140.1552643 -169.1411133 177.9045715
447_Conv 44.6313939 -107.9499817 117.0237808
448_LeakyRelu 44.6313939 -21.5899963 117.0237808
449_Conv 21.9229676 -76.2230377 75.1926880
450_Conv 52.1759720 -139.0679932 131.2194214
451_LeakyRelu 32.8208809 -27.8135986 131.2194214
452_Conv 42.9581413 -114.8772888 137.3989258
454_Relu 34.5817604 -0.0000000 138.2595062
456_Relu 35.0344315 -0.0000000 80.0395966
457_Conv 29.5277157 -67.4589691 63.8147621
458_GlobalAveragePool 10.4336958 -10.2073755 10.4336958
460_Relu 9.7277784 -0.0000000 9.7277784
461_Conv 38.0021973 -6.1425390 38.0021973
462_Sigmoid 1.0000000 0.0021448 1.0000000
463_Mul 33.8742649 -58.1605453 61.2306252
464_Add 52.9522057 -120.9745178 116.7512054
466_Relu 36.0251160 -0.0000000 96.0200653
468_Relu 24.3555508 -0.0000000 64.9164200
469_Conv 24.1652584 -48.9088326 55.2079048
470_GlobalAveragePool 9.7717171 -9.7717171 9.5939970
472_Relu 6.9067774 -0.0000000 6.9067774
473_Conv 26.9198055 -4.3242860 26.9198055
474_Sigmoid 1.0000000 0.0130699 1.0000000
475_Mul 33.6702961 -34.3922462 37.9365349
476_Add 49.3551178 -131.5493774 121.1926117
478_Relu 47.8537102 -0.0000000 109.3264999
480_Relu 32.1944504 -0.0000000 64.3574600
481_Conv 49.4265976 -131.7398987 122.5216522
482_GlobalAveragePool 19.6670837 -19.6670837 17.5667648
484_Relu 5.1644235 -0.0000000 5.1644235
485_Conv 25.8955231 -3.7662697 25.8955231
486_Sigmoid 1.0000000 0.0226149 1.0000000
487_Mul 35.8614802 -37.4992256 54.6376762
488_Add 58.4009819 -133.4227753 123.1655350
490_Relu 38.3608208 -0.0000000 102.2455750
492_Relu 28.6162949 -0.0000000 50.8485718
493_Conv 45.7338943 -121.8974991 109.5893631
494_GlobalAveragePool 17.8489895 -17.8489895 16.0099068
496_Relu 5.4815497 -0.0000000 5.4815497
497_Conv 27.2598000 -3.7281806 27.2598000
498_Sigmoid 1.0000000 0.0234723 1.0000000
499_Mul 35.4778538 -35.2313919 41.2807541
500_Add 59.1623077 -135.1621094 130.4269867
502_Relu 51.6382179 -0.0000000 117.9725800
504_Relu 43.1595230 -0.0000000 76.6905746
505_Conv 40.3422279 -85.7587738 107.5267487
506_GlobalAveragePool 16.0947723 -10.5624943 16.0947723
508_Relu 15.9049969 -0.0000000 15.9049969
509_Conv 49.6180801 -7.7637868 49.6180801
510_Sigmoid 1.0000000 0.0004247 1.0000000
511_Mul 40.0192665 -85.3460846 55.0570335
512_Add 66.2773895 -151.4172058 138.1784515
514_Relu 65.6565094 -0.0000000 116.6656876
516_Relu 40.1301460 -0.0000000 80.2210999
517_Conv 39.5854454 -88.6447906 105.5096436
518_GlobalAveragePool 14.8799162 -10.2519503 14.8799162
520_Relu 12.9084044 -0.0000000 12.9084044
521_Conv 48.7370453 -7.8769369 48.7370453
522_Sigmoid 1.0000000 0.0003792 1.0000000
523_Mul 42.8229233 -85.6207504 55.7341728
524_Add 85.5311127 -195.4042358 156.6201324
526_Relu 83.2202682 -0.0000000 166.3592682
528_Relu 53.6279068 -0.0000000 107.2034454
529_Conv 62.8887367 -88.7222977 111.7476120
530_GlobalAveragePool 25.1127033 -14.7427511 25.1127033
532_Relu 10.4009008 -0.0000000 10.4009008
533_Conv 41.5555077 -6.6490936 41.5555077
534_Sigmoid 1.0000000 0.0012935 1.0000000
535_Mul 54.5374275 -78.9547806 66.7000046
536_Add 80.3051071 -183.4649048 142.7403564
538_Relu 76.7347260 -0.0000000 175.3080139
540_Relu 55.1937904 -0.0000000 110.3336792
541_Conv 72.5573158 -103.1950836 124.1068039
542_GlobalAveragePool 32.7470284 -22.6462917 32.7470284
544_Relu 23.7453060 -0.0000000 23.7453060
545_Conv 70.6602173 -8.2113743 70.6602173
546_Sigmoid 1.0000000 0.0002715 1.0000000
547_Mul 55.2399948 -100.4051437 94.7117844
548_Add 94.1120605 -167.2286377 164.1372070
549_Concat 73.1982727 -167.2286377 164.1372070
550_Conv 77.5075989 -134.4780731 177.0737305
552_Relu 73.9564438 -0.0000000 236.5450592
554_Relu 73.4750748 -0.0000000 235.0054321
555_Conv 52.6143003 -182.9324341 163.3426208
556_GlobalAveragePool 10.4806252 -10.3483791 10.4806252
558_Relu 24.6735401 -0.0000000 24.6735401
559_Conv 68.2875443 -16.2265339 68.2875443
560_Sigmoid 1.0000000 0.0000001 1.0000000
561_Mul 52.7273455 -108.8307266 108.7183838
562_Add 68.1339111 -148.4452820 181.6017151
564_Relu 81.2738190 -0.0000000 162.4682617
566_Relu 50.8339386 -0.0000000 162.5891876
567_Conv 44.6356583 -116.2374878 118.9703064
568_GlobalAveragePool 12.1691093 -9.8884983 12.1691093
570_Relu 21.5135822 -0.0000000 21.5135822
571_Conv 60.9782219 -13.8832722 60.9782219
572_Sigmoid 1.0000000 0.0000009 1.0000000
573_Mul 47.4599537 -79.9165268 57.5239906
574_Add 79.4731064 -172.0328827 181.5641174
575_Conv 146.1841431 -252.4999237 333.9720459
576_DepthToSpace 146.1841431 -252.4999237 333.9720459
578_Relu 75.6159897 -0.0000000 201.5441742
580_Relu 52.2678566 -0.0000000 119.4110489
581_Conv 38.2234688 -67.9196548 55.4763985
582_GlobalAveragePool 13.1572056 -13.1572056 8.4056044
584_Relu 3.5676184 -0.0000000 3.5676184
585_Conv 5.0973263 -2.0652208 5.0973263
586_Sigmoid 0.9939241 0.1125234 0.9939241
587_Mul 45.9948425 -44.7449188 45.9948425
588_Add 121.3095245 -241.3795776 323.3341064
590_Relu 82.3341827 -0.0000000 219.4506073
592_Relu 56.2516823 -0.0000000 128.5124969
593_Conv 33.0476761 -58.6897926 58.7227364
594_GlobalAveragePool 12.0640793 -12.0640793 7.1323452
596_Relu 2.3693485 -0.0000000 2.3693485
597_Conv 4.2964630 -1.3824301 4.2964630
598_Sigmoid 0.9865662 0.2006190 0.9865662
599_Mul 35.8529205 -34.9092484 35.8529205
600_Add 138.3608093 -234.1448059 316.0988464
602_Relu 116.2261963 -0.0000000 206.5234528
604_Relu 57.0468864 -0.0000000 130.3292084
605_Conv 43.0255737 -76.4525604 67.4344864
606_GlobalAveragePool 12.7633562 -11.6579475 12.7633562
608_Relu 6.3495541 -0.0000000 6.3495541
609_Conv 5.0564346 -2.3207638 5.0564346
610_Sigmoid 0.9936720 0.0894178 0.9936720
611_Mul 63.3076019 -60.0329475 63.3076019
612_Add 125.7379074 -253.3350525 335.1373596
614_Relu 81.1921082 -0.0000000 185.4913330
616_Relu 59.2253075 -0.0000000 118.3927765
617_Conv 37.8412361 -75.6455154 60.1916161
618_GlobalAveragePool 10.6085691 -10.3159933 10.6085691
620_Relu 4.2547879 -0.0000000 4.2547879
621_Conv 3.7863157 -1.9150356 3.7863157
622_Sigmoid 0.9778240 0.1284162 0.9778240
623_Mul 54.0326729 -54.0326729 52.6749382
624_Add 130.1028748 -271.0679321 346.7715759
626_Relu 122.8503418 -0.0000000 280.6636658
628_Relu 53.1672668 -0.0000000 212.5652313
629_Conv 82.8554306 -165.6299438 101.8204269
630_GlobalAveragePool 21.7979603 -21.7979603 16.8197880
632_Relu 12.5943327 -0.0000000 12.5943327
633_Conv 30.4984779 -2.3341522 30.4984779
634_Sigmoid 1.0000000 0.0883337 1.0000000
635_Mul 90.3668373 -152.1662598 101.8066711
636_Add 144.7971191 -301.6492615 330.8032532
638_Relu 95.2017212 -0.0000000 190.3104706
640_Relu 35.7513542 -0.0000000 114.3484726
641_Conv 46.9271240 -107.2096176 73.7160568
642_GlobalAveragePool 13.5422382 -13.5422382 10.8917160
644_Relu 8.9006796 -0.0000000 8.9006796
645_Conv 19.3734436 -1.3115357 19.3734436
646_Sigmoid 1.0000000 0.2122300 1.0000000
647_Mul 77.3914490 -77.3914490 72.6336975
648_Add 138.2854309 -348.6750793 368.5811157
650_Relu 152.2019653 -0.0000000 347.7203369
652_Relu 80.7265015 -0.0000000 184.4276123
653_Conv 70.1556091 -140.2427063 131.5686035
654_GlobalAveragePool 26.2281837 -26.2281837 19.2101364
656_Relu 7.4796267 -0.0000000 7.4796267
657_Conv 7.7308965 -3.9842322 7.7308965
658_Sigmoid 0.9995611 0.0182668 0.9995611
659_Mul 106.8792324 -136.7941895 89.2214355
660_Add 143.2505493 -303.6549377 381.8149414
662_Relu 149.5722046 -0.0000000 341.7124023
664_Relu 76.7565842 -0.0000000 175.3579559
665_Conv 52.2830507 -112.2368011 111.8940201
666_GlobalAveragePool 17.0170364 -17.0170364 16.1258030
668_Relu 7.9975004 -0.0000000 7.9975004
669_Conv 7.9818830 -4.2256675 7.9818830
670_Sigmoid 0.9996585 0.0144050 0.9996585
671_Mul 96.4621079 -110.2377930 86.4522858
672_Add 154.0440979 -320.7938843 410.5836487
673_Concat 154.0440979 -320.7938843 410.5836487
674_Conv 47.5114174 -126.6352463 116.2002106
676_Relu 52.0593758 -0.0000000 118.9347534
678_Relu 26.2822762 -0.0000000 105.0777740
679_Conv 23.9087963 -72.3671112 95.5884857
680_GlobalAveragePool 8.6915998 -8.6915998 5.9776764
682_Relu 18.4533157 -0.0000000 18.4533157
683_Conv 40.5834236 -3.5911803 40.5834236
684_Sigmoid 1.0000000 0.0268263 1.0000000
685_Mul 32.7197344 -72.3671112 94.2877426
686_Add 52.6427994 -116.7721939 140.3122559
688_Relu 58.7261734 -0.0000000 187.8319855
690_Relu 56.3417664 -0.0000000 225.2570190
691_Conv 38.8855667 -158.6999512 207.2884369
692_GlobalAveragePool 9.3579044 -6.8965802 9.3579044
694_Relu 14.3211412 -0.0000000 14.3211412
695_Conv 32.4840851 -3.3422623 32.4840851
696_Sigmoid 1.0000000 0.0341495 1.0000000
697_Mul 36.6875877 -142.1209564 195.5715942
698_Add 73.2759247 -258.8931580 292.9605713
699_Conv 79.0043335 -315.8630371 284.0307922
700_DepthToSpace 197.4336853 -315.8630371 284.0307922
701_Conv 85.1875218 -134.2563477 124.1383057
702_LeakyRelu 85.7415455 -26.8512707 124.1383057
703_Conv 55.0306551 -91.6737595 92.6646271
704_ConvTranspose 57.3569183 -76.4634399 76.3548889
705_Add 77.3623123 -114.3616486 137.4658508
707_Relu 61.2050743 -0.0000000 122.3503799
709_Relu 28.9022503 -0.0000000 57.7762756
710_Conv 23.0313396 -46.0401878 31.4643650
711_GlobalAveragePool 8.9371080 -8.0178280 8.9371080
713_Relu 5.6040201 -0.0000000 5.6040201
714_Conv 7.9474869 -2.1473944 7.9474869
715_Sigmoid 0.9996465 0.1045750 0.9996465
716_Mul 35.6913452 -35.6913452 22.7970371
717_Add 69.1681370 -110.5021515 131.6906281
719_Relu 54.5849533 -0.0000000 124.7046890
721_Relu 38.4947433 -0.0000000 76.9518967
722_Conv 26.1382275 -59.7153473 30.4431076
723_GlobalAveragePool 9.3350582 -9.3350582 5.7077923
725_Relu 5.4884415 -0.0000000 5.4884415
726_Conv 9.8488512 -3.4923990 9.8488512
727_Sigmoid 0.9999472 0.0295293 0.9999472
728_Mul 47.0689278 -47.0689278 26.8414993
729_Add 73.2707825 -146.4700165 143.2853699
730_ConvTranspose 64.2405868 -83.0956268 86.0014267
731_Add 90.7132263 -161.1892090 147.9992523
733_Relu 66.8737793 -0.0000000 133.6822510
735_Relu 56.3615494 -0.0000000 128.7635040
736_Conv 37.3269958 -61.1350708 74.6175385
737_GlobalAveragePool 10.1888599 -7.5448093 10.1888599
739_Relu 13.9710875 -0.0000000 13.9710875
740_Conv 20.2244911 -8.0740337 20.2244911
741_Sigmoid 1.0000000 0.0003114 1.0000000
742_Mul 61.1257210 -61.1257210 54.7566185
743_Add 85.9831924 -171.8824158 156.2936707
745_Relu 82.8470764 -0.0000000 120.4459991
747_Relu 75.8359833 -0.0000000 202.1305389
748_Conv 49.4723244 -84.1145477 113.0243835
749_GlobalAveragePool 10.3916683 -7.0848885 10.3916683
751_Relu 11.7669439 -0.0000000 11.7669439
752_Conv 17.8330173 -7.1714945 17.8330173
753_Sigmoid 1.0000000 0.0007676 1.0000000
754_Mul 71.1935425 -69.5487289 71.1935425
755_Add 87.8469009 -185.6199646 200.6948853
756_Conv 78.2813652 -123.5748520 142.2728882
757_Add 112.7738113 -222.4139557 257.6428528
759_Relu 112.6656799 -0.0000000 360.3541565
761_Relu 95.1855011 -0.0000000 234.2024384
762_Conv 80.2104569 -221.2068787 134.7128143
763_GlobalAveragePool 21.9423370 -21.9423370 15.4074211
765_Relu 5.7931261 -0.0000000 5.7931261
766_Conv 8.1515732 -1.0420585 8.1515732
767_Sigmoid 0.9997118 0.2607530 0.9997118
768_Mul 91.2716832 -192.1163330 123.5626297
769_Add 126.1577072 -272.1900940 288.2196655
771_Relu 143.0038147 -0.0000000 457.3887329
773_Relu 121.8681946 -0.0000000 243.6173706
774_Conv 61.9490471 -198.1401520 152.8246307
775_GlobalAveragePool 19.7132759 -19.7132759 13.0930157
777_Relu 9.2913294 -0.0000000 9.2913294
778_Conv 10.3578568 -2.9009988 11.8317709
779_Sigmoid 0.9999927 0.0521042 0.9999927
780_Mul 90.1110023 -189.6732330 141.6125488
781_Add 146.4779358 -390.4170837 353.3723450
782_Conv 111.8676758 -210.5200043 114.8608932
783_Add 150.4274139 -400.7070007 400.9439087
785_Relu 142.6278381 -0.0000000 325.8473206
787_Relu 122.5099106 -0.0000000 217.6890564
788_Conv 70.8836395 -123.3901901 134.9568024
789_GlobalAveragePool 23.0872765 -23.0872765 16.2700520
791_Relu 10.1309338 -0.0000000 10.1309338
792_Conv 11.9914188 -7.4268794 11.9914188
793_Sigmoid 0.9999938 0.0005947 0.9999938
794_Mul 111.9134255 -113.5499649 132.6309357
795_Add 152.2975464 -405.9284668 321.3023987
797_Relu 157.1898193 -0.0000000 359.1155701
799_Relu 110.3841476 -0.0000000 294.2139893
800_Conv 65.3609924 -119.3443985 149.3235931
801_GlobalAveragePool 15.3911381 -15.3911381 12.3007565
803_Relu 8.8254890 -0.0000000 8.8254890
804_Conv 9.9712934 -5.3300924 9.9712934
805_Sigmoid 0.9999533 0.0048203 0.9999533
806_Mul 116.5814934 -116.5178604 149.2120667
807_Add 169.7874146 -452.5453491 369.8358459
809_Relu 162.2777405 -0.0000000 370.7394104
811_Relu 133.9556732 -0.0000000 267.7805176
812_Conv 88.0051460 -168.7937775 216.5352783
813_GlobalAveragePool 26.1541862 -20.5174713 26.1541862
815_Relu 19.7617645 -0.0000000 19.7617645
816_Conv 46.9379616 -6.4722967 46.9379616
817_Sigmoid 1.0000000 0.0015433 1.0000000
818_Mul 127.0178283 -168.6689148 216.1668549
819_Add 142.5625000 -339.8450623 379.9810181
821_Relu 158.0615234 -0.0000000 421.2915955
823_Relu 104.1827850 -0.0000000 277.6851196
824_Conv 80.5184479 -183.9523163 179.6018524
825_GlobalAveragePool 21.0995502 -18.6831570 21.0995502
827_Relu 10.0714540 -0.0000000 10.0714540
828_Conv 24.7096214 -4.5145121 24.7096214
829_Sigmoid 1.0000000 0.0108304 1.0000000
830_Mul 119.2083817 -162.0364380 173.3709106
831_Add 152.5438843 -370.1325684 406.5850525
832_Conv 212.1588745 -403.2518616 565.4807739
833_DepthToSpace 212.1588745 -403.2518616 565.4807739
834_ConvTranspose 55.5444832 -53.0766907 55.5444832
835_Add 128.4855042 -173.1675415 186.7967529
837_Relu 61.9763374 -0.0000000 123.8921509
839_Relu 34.6138840 -0.0000000 76.8988724
840_Conv 11.5480366 -35.9808235 36.9356728
841_GlobalAveragePool 2.2524691 -1.8347152 2.2524691
843_Relu 0.6663585 -0.0000000 0.6663585
844_Conv 0.8093781 -0.5837477 0.8093781
845_Sigmoid 0.6919769 0.3580707 0.6919769
846_Mul 19.3432789 -19.3432789 17.4933395
847_Add 139.4199829 -173.4424286 185.8025360
849_Relu 56.7216644 -0.0000000 129.5862122
851_Relu 34.3199356 -0.0000000 68.6197586
852_Conv 10.3177929 -36.4256783 41.2510185
853_GlobalAveragePool 2.1768322 -1.8208754 2.1768322
855_Relu 0.6317524 -0.0000000 0.6317524
856_Conv 0.7869202 -0.5731746 0.7869202
857_Sigmoid 0.6871696 0.3605046 0.6871696
858_Mul 19.6213646 -19.6213646 19.6133118
859_Add 152.9775391 -188.1881104 184.6806946
860_ConvTranspose 79.0770035 -71.9027786 79.0770035
861_Add 163.2426147 -187.6470490 200.8158875
863_Relu 76.5207214 -0.0000000 135.9704132
865_Relu 39.9663887 -0.0000000 58.1045418
866_Conv 13.9299333 -34.2743835 34.1055832
867_GlobalAveragePool 2.5100718 -2.4244125 2.5100718
869_Relu 0.6196221 -0.0000000 0.6196221
870_Conv 0.9065018 -0.9065018 0.8495332
871_Sigmoid 0.7004693 0.2877162 0.7004693
872_Mul 17.9904022 -17.9904022 16.8862114
873_Add 163.4987488 -190.2133179 201.1309814
875_Relu 76.5728149 -0.0000000 136.0629883
877_Relu 40.3109512 -0.0000000 53.7216911
878_Conv 14.8586169 -33.7987480 36.5593948
879_GlobalAveragePool 2.3325968 -2.3267896 2.3325968
881_Relu 0.5819799 -0.0000000 0.5819799
882_Conv 0.8890335 -0.8890335 0.8084281
883_Sigmoid 0.6917745 0.2913093 0.6917745
884_Mul 18.8146305 -18.8146305 18.0219421
885_Add 163.5957947 -192.6935425 201.2503510
886_ConvTranspose 115.9317103 -107.8475189 139.9865570
887_Add 150.5495453 -218.8742371 211.1738586
889_Relu 66.7412109 -0.0000000 106.7337952
891_Relu 47.1775843 -0.0000000 90.9260101
892_Conv 17.8033447 -27.5227585 35.5893021
893_GlobalAveragePool 2.3931355 -2.3931355 1.9556203
895_Relu 0.3831353 -0.0000000 0.3831353
896_Conv 0.6991904 -0.6184604 0.6991904
897_Sigmoid 0.6680083 0.3501317 0.6680083
898_Mul 18.8184338 -14.5862494 18.8184338
899_Add 163.9138947 -218.4451447 212.7621918
901_Relu 55.9011192 -0.0000000 111.7476501
903_Relu 46.1418091 -0.0000000 92.2565765
904_Conv 17.3845214 -28.8075008 37.3196106
905_GlobalAveragePool 2.3534415 -2.3534415 1.9396776
907_Relu 0.3972255 -0.0000000 0.3972255
908_Conv 0.7059351 -0.6134975 0.7059351
909_Sigmoid 0.6695024 0.3512618 0.6695024
910_Mul 19.1965446 -15.2775764 19.1965446
911_Add 163.5579224 -217.9707642 214.5556641
912_ConvTranspose 120.7617806 -183.9897003 164.7113800
913_Add 178.7083282 -254.4252167 285.7937012
915_Relu 107.3489685 -0.0000000 214.5931091
917_Relu 66.3198635 -0.0000000 203.9921265
918_Conv 19.5170574 -39.8946266 52.0200729
919_GlobalAveragePool 3.1030457 -2.4999571 3.1030457
921_Relu 1.8714823 -0.0000000 1.8714823
922_Conv 1.2606467 -0.9509971 1.2606467
923_Sigmoid 0.7791374 0.2786843 0.7791374
924_Mul 32.0258942 -25.1015415 32.0258942
925_Add 166.1824341 -256.1161194 295.2911682
927_Relu 105.6451721 -0.0000000 241.3567657
929_Relu 71.9729832 -0.0000000 232.5814209
930_Conv 20.6517430 -45.2389641 59.5116730
931_GlobalAveragePool 3.0828345 -2.3563395 3.0828345
933_Relu 1.8935990 -0.0000000 1.8935990
934_Conv 1.2715415 -0.9549311 1.2715415
935_Sigmoid 0.7810065 0.2778942 0.7810065
936_Mul 37.4946365 -28.0414276 37.4946365
937_Add 197.2286224 -273.1581421 315.4117126
939_Relu 89.3364716 -0.0000000 158.7428436
941_Relu 53.6237617 -0.0000000 108.5627975
942_Conv 19.7766760 -60.8307381 50.8594742
943_GlobalAveragePool 3.1073365 -2.0023496 3.1073365
945_Relu 1.2359437 -0.0000000 1.2359437
946_Conv 2.3546309 -0.7821939 2.3546309
947_Sigmoid 0.9133016 0.3138472 0.9133016
948_Mul 46.0785522 -46.0785522 39.8668900
949_Add 176.8762512 -271.7835999 314.2931213
951_Relu 94.6629639 -0.0000000 151.3867798
953_Relu 61.1212158 -0.0000000 108.6068878
954_Conv 23.1827207 -55.7605667 50.4546814
955_GlobalAveragePool 3.2788963 -1.9795934 3.2788963
957_Relu 1.2053180 -0.0000000 1.2053180
958_Conv 2.3530660 -0.7852174 2.3530660
959_Sigmoid 0.9131777 0.3131965 0.9131777
960_Mul 42.1476822 -42.1476822 39.4191055
961_Add 183.2006302 -270.5247192 313.3584290
962_Add 266.2884521 -529.3392334 608.3621216
963_Add 266.2713623 -550.4200439 608.3230591
965_Relu 259.0787048 -0.0000000 690.5391846
967_Relu 81.4747467 -0.0000000 186.1370697
968_Conv 56.2191353 -120.8994217 149.8444977
969_GlobalAveragePool 7.1525707 -6.6539211 7.1525707
971_Relu 4.0417304 -0.0000000 4.0417304
972_Conv 9.5537815 -0.9445347 9.5537815
973_Sigmoid 0.9999291 0.2799852 0.9999291
974_Mul 146.0238190 -110.5683594 146.0238190
975_Add 266.4580994 -553.1455078 608.7496948
977_Relu 348.4982910 -0.0000000 696.6562500
979_Relu 82.5147552 -0.0000000 219.9319153
980_Conv 62.7604027 -139.6146088 143.3823090
981_GlobalAveragePool 6.7265258 -6.5350318 6.7265258
983_Relu 6.0100813 -0.0000000 6.0100813
984_Conv 13.8499289 -1.0628649 13.8499289
985_Sigmoid 0.9999990 0.2567624 0.9999990
986_Mul 141.9277344 -128.6398468 141.9277344
987_Add 315.3827820 -555.6611938 630.4575806
989_Relu 294.6191711 -0.0000000 785.2675171
991_Relu 148.2846527 -0.0000000 263.4884338
992_Conv 69.6517868 -185.6473999 154.9174042
993_GlobalAveragePool 10.6658754 -6.3110065 10.6658754
995_Relu 1.0154614 -0.0000000 1.0154614
996_Conv 0.6904624 -0.7133520 0.9398387
997_Sigmoid 0.7190671 0.3288586 0.7190671
998_Mul 88.1221390 -88.1221390 64.3313751
999_Add 316.5790405 -556.5846558 632.8489380
1001_Relu 300.9303589 -0.0000000 802.0891113
1003_Relu 153.3969277 -0.0000000 262.3802185
1004_Conv 73.4652023 -195.8115540 158.1555023
1005_GlobalAveragePool 10.5828781 -6.5296335 10.5828781
1007_Relu 0.9543399 -0.0000000 0.9543399
1008_Conv 0.6893276 -0.6977791 0.9186547
1009_Sigmoid 0.7147679 0.3323048 0.7147679
1010_Mul 92.9468002 -92.9468002 65.5030746
1011_Add 278.0875549 -558.0197754 635.3183594
1013_Relu 249.9660950 -0.0000000 444.1671753
1015_Relu 156.7996899 -0.0000000 264.0307312
1016_Conv 81.9327469 -146.5144501 187.1834106
1017_GlobalAveragePool 5.0595298 -4.5403781 5.0595298
1019_Relu 2.0656087 -0.0000000 2.0656087
1020_Conv 1.5227741 -0.5530089 2.0293741
1021_Sigmoid 0.8838468 0.3651666 0.8838468
1022_Mul 127.8856506 -116.5316620 127.8856506
1023_Add 278.4541626 -563.5429688 636.1558838
1025_Relu 269.7322693 -0.0000000 479.2898865
1027_Relu 159.8632629 -0.0000000 290.5701599
1028_Conv 92.7535477 -171.6352692 185.4165192
1029_GlobalAveragePool 5.3584962 -4.7433009 5.3584962
1031_Relu 2.2077417 -0.0000000 2.2077417
1032_Conv 2.1347954 -0.5610192 2.1347954
1033_Sigmoid 0.8942394 0.3633117 0.8942394
1034_Mul 136.7130127 -136.7130127 126.8228378
1035_Add 278.7556458 -571.3796387 636.8446655
1037_Relu 243.4918823 -0.0000000 432.6630859
1039_Relu 119.0435028 -0.0000000 190.3766022
1040_Conv 64.8298023 -124.2682495 148.1265869
1041_GlobalAveragePool 9.8129120 -4.9978023 9.8129120
1043_Relu 1.8678933 -0.0000000 1.8678933
1044_Conv 1.9544804 -1.4630055 1.9544804
1045_Sigmoid 0.8759344 0.1880081 0.8759344
1046_Mul 100.2340088 -100.2340088 90.8421326
1047_Add 322.4434814 -578.1370850 644.5720825
1049_Relu 269.3383179 -0.0000000 430.7308960
1051_Relu 118.9053040 -0.0000000 190.1555939
1052_Conv 62.3307095 -133.7576141 153.3637390
1053_GlobalAveragePool 9.3467884 -4.8107696 9.3467884
1055_Relu 1.8500338 -0.0000000 1.8500338
1056_Conv 1.9114602 -1.1882921 1.9114602
1057_Sigmoid 0.8711831 0.2335645 0.8711831
1058_Mul 107.9209747 -107.9209747 94.6567764
1059_Add 367.0460815 -585.0166016 652.2077637
1060_Conv 203.5125366 -216.4748230 307.0613708
output_Conv 278.9488831 -102.0970230 405.5457153
