# genetated time: 2023-07-27 16:53:15.593177
# histogram number: 2048
# sample number: 50
# tune number: 5
###
# op_name    threshold    min    max
input 255.0000000 0.0000000 255.0000000
143_Conv 150.0867432 -114.4440002 151.9799957
144_Conv 177.4821777 -258.0298462 229.8487244
146_Relu 552.0995025 0.0000000 1077.1004639
149_Mul 160.4257126 -192.9784546 120.8623428
150_Add 138.8260345 -317.1617126 236.7979126
152_Relu 510.1540985 0.0000000 627.6696777
155_Mul 89.9932938 -89.9932938 77.3694687
156_Add 128.5809021 -342.7149963 274.2829285
158_Relu 324.2924073 0.0000000 589.4393311
161_Mul 56.9620552 -43.2784195 56.9620552
162_Add 145.9381775 -364.7563477 292.6257324
164_Relu 303.1090637 0.0000000 466.1639709
167_Mul 44.0679855 -44.0679855 39.4086418
168_Add 160.2893314 -366.2989197 308.0318909
170_Relu 301.4959106 0.0000000 482.1579285
173_Mul 46.7704010 -44.5171623 46.7704010
174_Add 149.8195030 -368.6285400 315.8651733
176_Relu 243.5712112 0.0000000 423.4492188
179_Mul 42.5400276 -38.1127281 42.5400276
180_Add 145.8116455 -364.4400940 333.1096497
182_Relu 216.3183136 0.0000000 432.4253845
185_Mul 57.7716484 -57.7716484 43.6212463
186_Add 139.2135330 -365.0187073 344.5737610
188_Relu 243.5652283 0.0000000 522.8651123
191_Mul 32.8401871 -32.8401871 30.0815639
192_Add 143.6289436 -376.5959473 348.5520935
194_Relu 214.5426849 0.0000000 389.9217529
197_Mul 31.3523731 -31.2137756 31.3523731
198_Add 156.7390763 -385.6540833 353.2725525
200_Relu 211.6439972 0.0000000 423.0812988
203_Mul 36.0251274 -36.0251274 31.0459290
204_Add 149.7768402 -399.2098999 359.6777649
206_Relu 279.3732300 0.0000000 496.4210205
209_Mul 44.0866547 -44.0866547 41.2826653
210_Add 157.1182709 -418.7774658 365.6559448
212_Relu 258.7706604 0.0000000 591.1869507
215_Mul 53.3249855 -53.3249855 52.3117485
216_Add 158.8220825 -423.3187866 375.8808289
218_Relu 227.8413544 0.0000000 455.4602051
221_Mul 37.2995415 -37.2995415 37.1756783
222_Add 162.4801850 -426.0239868 388.2476501
224_Relu 337.4041443 0.0000000 599.5366821
227_Mul 43.5679245 -43.5679245 42.1292114
228_Add 168.0230713 -447.8427429 392.6047363
230_Relu 285.7907104 0.0000000 652.9169312
233_Mul 53.7044334 -53.7044334 39.0963364
234_Add 173.7898254 -463.2132568 398.0699768
236_Relu 278.1581421 0.0000000 741.3928223
239_Mul 51.1054230 -51.1054230 40.8466072
240_Add 166.7783294 -480.6014709 405.7208557
242_Relu 237.3212845 0.0000000 405.9299622
245_Mul 30.6644859 -30.6644859 29.3160934
246_Add 169.0574143 -487.1690369 411.7854614
248_Relu 298.6455688 0.0000000 682.2851562
251_Mul 42.0440063 -40.7869339 42.0440063
252_Add 166.1122841 -478.6821289 417.5146790
254_Relu 342.2041626 0.0000000 608.0659180
257_Mul 32.8011246 -32.8011246 31.6294708
258_Add 184.7074738 -492.3127441 417.1248474
260_Relu 333.5136414 0.0000000 666.7015991
263_Mul 48.9561386 -48.6787338 48.9561386
264_Add 181.3587952 -483.3872986 427.0433044
266_Relu 312.5874634 0.0000000 499.8957520
269_Mul 46.7011490 -46.7011490 43.5157509
270_Add 187.2517090 -499.0940857 438.1064453
272_Relu 368.0676254 0.0000000 790.1362915
275_Mul 54.5943222 -54.5943222 54.3981628
276_Add 176.2041786 -507.7637024 442.9854126
278_Relu 322.9308777 0.0000000 645.5463867
281_Mul 65.6423340 -65.6423340 51.7568169
282_Add 191.5620422 -510.5826721 447.3680420
284_Relu 326.9332581 0.0000000 746.9111328
287_Mul 51.9390793 -51.9390793 45.0646477
288_Add 189.6387939 -505.4565430 446.0585938
290_Relu 410.3607788 0.0000000 729.1740723
293_Mul 75.6674500 -75.6674500 68.3873291
294_Add 200.7513733 -535.0755615 452.7436523
296_Relu 424.6843567 0.0000000 848.9539795
299_Mul 66.2967300 -66.2967300 60.8777046
300_Add 191.1407883 -550.8062134 446.0821838
302_Relu 514.2177124 0.0000000 889.2111206
305_Mul 100.1113815 -100.1113815 81.0816422
306_Add 207.2373962 -552.3632202 432.2981873
308_Relu 474.8291931 0.0000000 949.1947021
311_Mul 84.4583054 -84.4583054 76.3274002
312_Add 202.4190063 -539.5204468 447.5857239
314_Relu 567.6110931 0.0000000 1218.4992676
317_Mul 132.6948700 -132.6948700 122.5073776
318_Add 232.8464691 -572.9151001 463.3897705
320_Relu 668.8267822 0.0000000 1354.0583496
323_Mul 145.6315918 -145.6315918 142.5151520
324_Add 261.6036713 -597.7260132 491.4636230
326_Relu 817.3693970 0.0000000 1867.5690918
329_Mul 190.8951569 -190.8951569 189.7671814
330_Add 270.0497681 -617.0240479 464.8469849
332_Relu 929.4945678 0.0000000 1918.5030518
335_Mul 222.0437866 -300.3031006 493.2967529
336_Add 244.2849609 -436.9233398 488.4267578
337_Conv 483.3189698 -1073.7507324 991.5691528
338_Add 521.5011475 -1097.6995850 1000.1505737
339_Conv 718.2545227 -1665.2701416 1600.3604736
344_Reshape 718.2545227 -1665.2701416 1600.3604736
345_Conv 548.9684235 -1272.7810059 1256.5372314
350_Reshape 755.7720184 -1272.7810059 1256.5372314
351_Conv 198.9963104 -232.3927155 291.9934387
output_Conv 271.7044067 -117.9487152 395.0134277
