# genetated time: 2023-07-19 11:42:51.359353
# histogram number: 2048
# sample number: 20
# tune number: 5
###
# op_name    threshold    min    max
input 255.0000000 0.0000000 255.0000000
141_Conv 150.0867432 -114.4440002 151.9799957
142_Conv 189.3893776 -247.2843628 225.4404449
144_Relu 449.7726883 0.0000000 953.0404053
147_Mul 168.2593842 -168.2593842 130.4829712
148_Add 156.4867851 -246.6246643 236.1169281
150_Relu 532.0430420 0.0000000 583.0257568
153_Mul 77.5267029 -77.5267029 66.9952850
154_Add 232.4136841 -278.1166382 281.6760254
156_Relu 321.1694297 0.0000000 662.9027710
159_Mul 70.0417862 -70.0417862 61.8911858
160_Add 188.6969574 -289.2032471 303.3913269
162_Relu 286.1352669 0.0000000 548.0923462
165_Mul 43.2336197 -43.2336197 40.8586502
166_Add 179.9139328 -292.5935364 311.1162109
168_Relu 249.8713776 0.0000000 393.7996826
171_Mul 40.2974854 -29.1033783 40.2974854
172_Add 155.2466171 -290.7279358 314.3010864
174_Relu 197.6570656 0.0000000 687.2255249
177_Mul 44.4952202 -42.6931267 44.4952202
178_Add 145.0324218 -308.7192078 322.2068176
180_Relu 234.3987541 0.0000000 400.9310608
183_Mul 62.5396767 -62.5396767 45.8176193
184_Add 167.3300667 -359.2099609 332.1664734
186_Relu 265.6893005 0.0000000 531.1191406
189_Mul 41.8568726 -41.8568726 30.6017361
190_Add 180.8066345 -361.5072937 336.2736206
192_Relu 208.6698303 0.0000000 417.1358948
195_Mul 31.1114902 -31.1114902 28.3277130
196_Add 167.2528687 -371.5722046 335.0231628
198_Relu 240.4321594 0.0000000 640.8393555
201_Mul 38.6192513 -34.5127296 38.6192513
202_Add 182.1250679 -388.4044495 336.2010803
204_Relu 315.3314209 0.0000000 720.4055786
207_Mul 61.0998802 -61.0998802 55.4305229
208_Add 161.7731552 -446.1430054 330.6109314
210_Relu 213.1452049 0.0000000 524.4404297
213_Mul 48.3802910 -48.3802910 43.4924011
214_Add 156.2775741 -480.6914978 327.5910645
216_Relu 225.7409363 0.0000000 392.4512329
219_Mul 36.2713318 -36.2396355 36.2713318
220_Add 172.1427857 -491.7335815 321.5897827
222_Relu 196.3636886 0.0000000 483.1497803
225_Mul 35.7890434 -34.6244049 35.7890434
226_Add 165.7706658 -509.8911438 322.3823547
228_Relu 262.1124298 0.0000000 806.2271118
231_Mul 61.6968765 -61.6968765 61.0467224
232_Add 175.6210060 -567.5210571 326.1073303
234_Relu 323.2068176 0.0000000 574.3093262
237_Mul 49.9847908 -44.4849129 49.9847908
238_Add 182.0507156 -588.2987061 327.3374634
240_Relu 217.6575317 0.0000000 497.2600098
243_Mul 49.9373283 -49.9373283 42.5535507
244_Add 171.2515076 -595.4171143 327.2913208
246_Relu 328.2458496 0.0000000 656.1711426
249_Mul 46.8412132 -42.4967804 46.8412132
250_Add 190.4137299 -585.6903076 328.4825134
252_Relu 266.0740662 0.0000000 607.8723755
255_Mul 37.4205666 -37.4205666 36.7930679
256_Add 194.4762344 -598.1860962 330.7763367
258_Relu 338.7766418 0.0000000 1177.8781738
261_Mul 64.5853424 -64.5853424 62.2450562
262_Add 195.0855377 -600.0602417 334.2860718
264_Relu 297.8903198 0.0000000 793.9863281
267_Mul 67.5689926 -54.7374153 67.5689926
268_Add 198.4552994 -610.4252319 342.0072632
270_Relu 352.4443054 0.0000000 805.1936035
273_Mul 79.5444107 -79.5444107 53.6312370
274_Add 186.1122284 -647.0857544 344.8162231
276_Relu 355.2270844 0.0000000 874.0307007
279_Mul 53.0046272 -53.0046272 49.3288078
280_Add 192.3645241 -668.8240967 349.6148071
282_Relu 328.7700653 0.0000000 597.5249023
285_Mul 60.8675499 -60.8675499 56.6401405
286_Add 195.0267792 -678.0803833 357.4504089
288_Relu 387.1025375 0.0000000 952.4597778
291_Mul 79.1703033 -79.1703033 77.1884766
292_Add 225.1816010 -692.6322021 357.6840515
294_Relu 421.8372803 0.0000000 963.7286987
297_Mul 78.7201996 -75.6312866 78.7201996
298_Add 225.7929672 -694.5126953 346.8377991
300_Relu 565.3250625 0.0000000 1082.8806152
303_Mul 87.4294662 -85.4593964 87.4294662
304_Add 232.8397735 -716.1878662 339.0188904
306_Relu 481.2408844 0.0000000 1033.0870361
309_Mul 98.2740707 -93.4503250 98.2740707
310_Add 228.4065018 -702.5516357 345.0971069
312_Relu 586.8192108 0.0000000 1117.2570801
315_Mul 143.6799469 -143.6799469 139.1745148
316_Add 253.3158432 -779.1698608 357.2825623
318_Relu 678.8250428 0.0000000 1447.6791992
321_Mul 142.3344421 -142.3344421 127.3178329
322_Add 287.4058571 -792.6167603 414.6766357
324_Relu 709.4378357 0.0000000 1358.9288330
327_Mul 248.1162262 -248.1162262 204.7227173
328_Add 299.3990479 -665.1506958 421.3302612
330_Relu 884.4952637 0.0000000 1965.0117188
333_Mul 230.7685547 -333.0908813 476.3128052
334_Add 279.3672790 -443.8024902 446.9090576
335_Conv 477.2207275 -965.5082397 1060.2027588
336_Add 544.3090912 -983.9126587 1061.9526367
337_Conv 457.4461975 -1170.8563232 1114.3386230
342_Reshape 600.1282227 -1170.8563232 1114.3386230
343_Conv 191.5940124 -215.8955688 319.2193909
output_Conv 264.0285339 -112.8755646 422.2393799
