# genetated time: 2023-11-06 10:50:15.426246
# histogram number: 2048
# sample number: 1
# tune number: 5
###
# op_name    threshold    min    max
input 255.0000000 0.0000000 255.0000000
141_Conv 138.8050583 -114.4440002 140.5559998
142_Conv 210.5497131 -210.5497131 180.0607758
144_Relu 427.5584740 -0.0000000 466.9417114
147_Mul 98.2723160 -84.4719315 98.2723160
148_Add 159.5708786 -179.7519531 181.6643524
150_Relu 645.3981934 -0.0000000 645.3981934
153_Mul 51.1277313 -51.1277313 44.1012993
154_Add 163.0482727 -205.5848236 210.3616638
156_Relu 360.7919922 -0.0000000 384.8071899
159_Mul 40.6024628 -40.6024628 32.7548904
160_Add 152.9214066 -230.7800903 227.6068420
162_Relu 286.8071289 -0.0000000 286.8071289
165_Mul 27.6130791 -24.1968555 27.6130791
166_Add 172.5536385 -238.9824066 240.0389404
168_Relu 256.4119018 -0.0000000 266.3800049
171_Mul 21.8706474 -18.5030041 21.8706474
172_Add 177.9564282 -242.2891846 247.5631561
174_Relu 277.2225647 -0.0000000 277.2225647
177_Mul 23.5484085 -20.0753250 23.5484085
178_Add 170.9543030 -246.3887024 257.9942932
180_Relu 234.7136993 -0.0000000 234.7136993
183_Mul 24.8135662 -17.9973946 24.8135662
184_Add 170.2069057 -248.2733002 268.2477112
186_Relu 334.6551514 -0.0000000 334.6551514
189_Mul 18.0025311 -16.9938240 18.0025311
190_Add 178.8707321 -245.7348328 275.1133728
192_Relu 208.0805054 -0.0000000 208.0805054
195_Mul 16.2102146 -16.2102146 16.0495243
196_Add 184.1362930 -243.9495850 280.5455627
198_Relu 232.4174042 -0.0000000 232.4174042
201_Mul 19.1093941 -16.5494595 19.1093941
202_Add 176.8866333 -238.2696075 282.9688416
204_Relu 293.2175293 -0.0000000 293.2175293
207_Mul 29.8305302 -29.8305302 24.6560574
208_Add 162.0024353 -237.7695312 287.9386902
210_Relu 241.7160950 -0.0000000 241.7160950
213_Mul 20.9138241 -20.6213722 20.9138241
214_Add 172.7640564 -242.5424347 287.8463440
216_Relu 287.8174133 -0.0000000 287.8174133
219_Mul 20.9779301 -18.7264404 20.9779301
220_Add 181.4934444 -241.8621521 286.0354004
222_Relu 201.2017174 -0.0000000 234.0445557
225_Mul 25.6256084 -25.6256084 20.3923092
226_Add 171.9734161 -238.3099670 283.5975037
228_Relu 289.9619446 -0.0000000 289.9619446
231_Mul 21.1674728 -21.1674728 19.9706898
232_Add 194.0241547 -240.5966644 282.0791626
234_Relu 443.8845825 -0.0000000 443.8845825
237_Mul 28.3553181 -28.3553181 23.1124535
238_Add 185.5274964 -239.6469879 285.3304138
240_Relu 241.1456604 -0.0000000 241.1456604
243_Mul 19.8983288 -19.8983288 18.4747410
244_Add 252.0744781 -236.0153656 287.9444580
246_Relu 291.6283264 -0.0000000 291.6283264
249_Mul 21.3829346 -21.3829346 20.6050587
250_Add 183.9811962 -232.5192108 289.9561157
252_Relu 303.0677795 -0.0000000 303.0677795
255_Mul 21.3899765 -19.7305260 21.3899765
256_Add 186.6888916 -229.3223114 287.1165771
258_Relu 330.3554688 -0.0000000 330.3554688
261_Mul 25.7034607 -25.7034607 25.1514091
262_Add 191.1487579 -224.7016602 293.9976807
264_Relu 363.8282471 -0.0000000 363.8282471
267_Mul 28.4360371 -26.5978699 28.4360371
268_Add 187.0253830 -229.9704285 299.1529236
270_Relu 454.5492249 -0.0000000 454.5492249
273_Mul 37.8358498 -37.8358498 33.9232674
274_Add 192.9626038 -257.6407166 296.7651672
276_Relu 472.8537292 -0.0000000 472.8537292
279_Mul 36.4146957 -30.7590580 36.4146957
280_Add 240.9496613 -260.3605347 296.4086304
282_Relu 439.1453247 -0.0000000 439.1453247
285_Mul 35.6849442 -33.8678207 35.6849442
286_Add 259.9460449 -261.9397888 296.9361572
288_Relu 640.2288208 -0.0000000 640.2288208
291_Mul 53.5922508 -53.5922508 44.1518364
292_Add 196.1545410 -266.2696228 295.9595642
294_Relu 430.0329788 -0.0000000 535.3671875
297_Mul 41.6023293 -41.6023293 37.5753441
298_Add 217.3396912 -270.3546448 289.6447449
300_Relu 516.5645752 -0.0000000 635.6523438
303_Mul 51.0643959 -49.9471092 51.0643959
304_Add 288.0343018 -280.5669556 288.0343018
306_Relu 580.0354004 -0.0000000 580.0354004
309_Mul 55.0289764 -47.1912460 55.0289764
310_Add 221.8888473 -289.7186890 281.6911011
312_Relu 573.3190201 -0.0000000 754.8377686
315_Mul 74.4138412 -70.6866226 74.4138412
316_Add 305.1262207 -305.1262207 289.2774048
318_Relu 742.0594482 -0.0000000 742.0594482
321_Mul 76.6657333 -76.6657333 68.5546875
322_Add 249.0609405 -329.2503662 298.8821411
324_Relu 663.0622498 -0.0000000 797.5370483
327_Mul 97.2230682 -85.2656784 97.2230682
328_Add 243.9443817 -289.0617371 268.2070618
330_Relu 1049.3899292 -0.0000000 1343.1088867
333_Mul 214.7941727 -168.1067352 247.2216339
334_Add 241.6494179 -290.6580200 274.8947449
335_Conv 455.6322571 -620.3837891 628.3418579
336_Add 488.8687454 -609.5901489 654.4680176
337_Conv 477.3363281 -656.5910645 691.0969849
342_Reshape 596.0922485 -656.5910645 691.0969849
343_Conv 177.1423973 -146.6527405 187.6623077
output_Conv 274.8770142 -35.1922455 293.0589905
