# genetated time: 2023-11-07 20:59:12.174459
# histogram number: 2048
# sample number: 50
# tune number: 5
###
# op_name    threshold    min    max
input 255.0000000 0.0000000 255.0000000
341_Conv 151.9799957 -114.4440002 151.9799957
342_Conv 146.6136101 -227.6467285 180.2886963
344_Relu 162.7843475 -0.0000000 162.7843475
345_Conv 27.6803284 -22.3455544 27.6803284
348_Add 210.6743591 -227.7290039 180.5306854
350_Relu 24.0213490 -0.0000000 24.0213490
351_Conv 3.7584510 -3.0188038 3.7584510
354_Add 206.4429169 -227.7492065 180.5104828
356_Relu 130.8372928 -0.0000000 321.9231262
357_Conv 149.3048401 -114.2871170 149.3048401
360_Add 81.0496842 -159.9526062 185.1866302
362_Relu 93.1353149 -0.0000000 133.0225983
363_Conv 49.4320412 -41.2699928 49.4320412
366_Add 136.6612244 -170.2438354 198.6829071
368_Relu 85.9357758 -0.0000000 152.7001190
369_Conv 61.6165123 -61.6165123 51.8072548
372_Add 108.7067490 -189.4739838 217.3073425
374_Relu 55.4848896 -0.0000000 126.7748260
375_Conv 63.7443199 -63.7443199 39.5935936
378_Add 99.6528763 -201.3852081 227.6921997
380_Relu 62.9629456 -0.0000000 89.9282379
381_Conv 31.2759342 -30.6615658 31.2759342
384_Add 119.4276657 -209.3668060 238.7387085
386_Relu 60.3154488 -0.0000000 87.6887207
387_Conv 49.7503281 -49.7503281 32.9762039
390_Add 113.5269470 -210.5140076 259.3634644
392_Relu 58.5675941 -0.0000000 133.8183594
393_Conv 37.1307716 -27.3670540 37.1307716
396_Add 193.1615364 -210.5883636 262.9262695
398_Relu 68.1113685 -0.0000000 129.6786194
399_Conv 58.1298256 -55.9481430 58.1298256
402_Add 123.4907684 -206.9596863 282.1268005
404_Relu 79.8215362 -0.0000000 134.4093170
405_Conv 51.6059875 -51.3331223 51.6059875
408_Add 121.8012390 -201.2187500 324.6447144
410_Relu 134.6952972 -0.0000000 143.6048279
411_Conv 42.8926620 -39.8701019 42.8926620
414_Add 137.2026825 -199.5116119 313.4530029
416_Relu 69.7091785 -0.0000000 110.9385300
417_Conv 37.6232796 -32.3290939 37.6232796
420_Add 117.5548553 -194.6457214 313.3265381
422_Relu 55.9483452 -0.0000000 127.8194962
423_Conv 39.4549217 -39.4549217 33.2468796
426_Add 136.7201385 -196.6379395 312.3505859
428_Relu 80.8619624 -0.0000000 139.8305664
429_Conv 40.3325882 -40.3325882 34.7600174
432_Add 126.8060455 -203.6461182 337.9843445
434_Relu 49.7010100 -0.0000000 77.1706848
435_Conv 21.8904438 -21.8904438 21.2653675
438_Add 129.6355591 -209.2936707 345.5260315
440_Relu 52.9753002 -0.0000000 87.3463058
441_Conv 27.1821518 -27.1821518 26.8574619
444_Add 148.4566345 -215.4124146 339.1637878
446_Relu 85.3010406 -0.0000000 113.6791916
447_Conv 30.9820824 -30.9820824 29.2610722
450_Add 127.8349686 -220.2322540 340.7268066
452_Relu 72.3939743 -0.0000000 98.1393814
453_Conv 29.6649342 -29.6649342 22.3823757
456_Add 139.1009231 -216.6188507 342.2556458
458_Relu 69.2502937 -0.0000000 103.0385971
459_Conv 37.4691505 -37.4691505 25.9801865
462_Add 125.0260010 -212.2735291 333.2398987
464_Relu 69.5562820 -0.0000000 139.0446320
465_Conv 30.4675026 -28.3685703 30.4675026
468_Add 147.1415253 -204.6189423 336.1592712
470_Relu 76.5062561 -0.0000000 81.5668259
471_Conv 24.2436352 -23.2094536 24.2436352
474_Add 144.7030945 -205.4669952 330.5884399
476_Relu 61.7287674 -0.0000000 123.3972549
477_Conv 27.3125381 -26.2640591 27.3125381
480_Add 161.9138794 -203.0018768 323.6696472
482_Relu 62.3623123 -0.0000000 166.2182922
483_Conv 36.9668503 -34.7185516 36.9668503
486_Add 144.6203461 -205.9916534 330.3993835
488_Relu 130.6600494 -0.0000000 130.6600494
489_Conv 28.3745861 -28.3745861 27.3350773
492_Add 163.3574829 -203.6642761 326.5554504
494_Relu 60.4696999 -0.0000000 96.7042770
495_Conv 32.5173607 -30.7183266 32.5173607
498_Add 138.9864044 -204.2990112 317.5280762
500_Relu 91.7800064 -0.0000000 91.7800064
501_Conv 23.7480526 -23.7480526 20.0080070
504_Add 138.6814423 -206.3522339 316.8313599
506_Relu 96.1087570 -0.0000000 118.2299423
507_Conv 41.4407234 -41.4407234 33.3962440
510_Add 140.4502106 -210.3880005 320.8723145
512_Relu 61.0770556 -0.0000000 116.2858505
513_Conv 29.0782909 -26.2501812 29.0782909
516_Add 158.3127289 -208.8152771 316.4708557
518_Relu 92.0499115 -0.0000000 92.0499115
519_Conv 20.8439789 -20.8439789 19.1639290
522_Add 159.1369781 -209.0445862 318.1185608
524_Relu 94.3844528 -0.0000000 125.7844925
525_Conv 44.8894577 -44.8894577 29.9564762
528_Add 145.3933868 -206.5551453 332.1654663
530_Relu 79.4478378 -0.0000000 90.7531967
531_Conv 27.1931896 -22.5148544 27.1931896
534_Add 135.4400169 -205.9735565 333.2480469
536_Relu 147.8385315 -0.0000000 168.8758087
537_Conv 49.8600655 -49.8600655 44.7652969
540_Add 169.5870514 -214.4871826 339.0084839
542_Relu 90.2452240 -0.0000000 120.2682114
543_Conv 22.5575390 -21.4661999 22.5575390
546_Add 149.6114960 -221.1667786 341.8021545
548_Relu 71.6144638 -0.0000000 104.1156311
549_Conv 29.1863308 -29.1863308 27.1571922
552_Add 169.0154266 -224.8305206 337.8658142
554_Relu 137.4591064 -0.0000000 157.0194244
555_Conv 37.7425041 -37.7425041 35.7291183
558_Add 137.5293121 -229.5299683 314.1992188
560_Relu 96.0578003 -0.0000000 122.9323654
561_Conv 38.1645966 -33.2238884 38.1645966
564_Add 160.8294220 -232.4051208 321.5017700
566_Relu 81.4709534 -0.0000000 139.3532867
567_Conv 33.7026100 -33.7026100 30.7066841
570_Add 139.2285767 -229.6230774 318.0813599
572_Relu 100.1708877 -0.0000000 154.0685272
573_Conv 31.6247196 -31.6247196 30.6836300
576_Add 159.1777344 -228.0578156 318.2000122
578_Relu 151.3442078 -0.0000000 161.3549957
579_Conv 41.1405563 -34.8952751 41.1405563
582_Add 153.5725861 -230.2627411 306.9952087
584_Relu 202.8798065 -0.0000000 294.9537964
585_Conv 123.5549456 -127.5393829 103.7873535
588_Add 153.7806244 -245.9910583 351.3269348
590_Relu 138.1237030 -0.0000000 138.1237030
591_Conv 35.8597794 -32.8069763 35.8597794
594_Add 158.0865479 -246.9099579 361.1642456
596_Relu 77.8957901 -0.0000000 138.4137878
597_Conv 33.2473755 -32.7794266 33.2473755
600_Add 157.5245667 -253.2529297 359.8803406
602_Relu 79.7255325 -0.0000000 159.3732147
603_Conv 32.3615799 -31.4256592 32.3615799
606_Add 173.9364471 -266.3935242 347.7030334
608_Relu 95.3600464 -0.0000000 138.6377869
609_Conv 37.8468056 -32.8088837 37.8468056
612_Add 174.8711700 -255.4025879 349.5715637
614_Relu 108.7002411 -0.0000000 158.0322266
615_Conv 36.0771942 -36.0771942 34.4724846
618_Add 154.7608643 -257.9191895 353.5664062
620_Relu 65.2680969 -0.0000000 130.4724579
621_Conv 32.0557098 -30.9797134 32.0557098
624_Add 178.9743958 -254.1972809 357.7740173
626_Relu 112.8703232 -0.0000000 180.5043335
627_Conv 61.2893791 -49.5376434 61.2893791
630_Add 145.2718811 -251.2896271 331.8878784
632_Relu 82.8195126 -0.0000000 131.8029480
633_Conv 33.9906616 -33.8417511 33.9906616
636_Add 160.6986694 -247.0293884 321.2404175
638_Relu 78.2147598 -0.0000000 138.9805603
639_Conv 39.0020561 -39.0020561 36.1671524
642_Add 158.7477722 -245.6508942 317.3405151
644_Relu 86.9833069 -0.0000000 154.5614929
645_Conv 35.9374008 -32.9706917 35.9374008
648_Add 159.9918060 -238.6937714 319.8273621
650_Relu 90.1914902 -0.0000000 144.2359161
651_Conv 40.5847168 -40.5847168 40.1176949
654_Add 162.8503723 -258.9682007 325.5417175
656_Relu 92.0653610 -0.0000000 147.2326508
657_Conv 34.2697220 -33.8041191 34.2697220
660_Add 179.3423615 -262.2385559 318.6752014
662_Relu 110.7324600 -0.0000000 177.0854187
663_Conv 41.2321587 -36.5939980 41.2321587
666_Add 157.6201019 -267.2695923 315.0862732
668_Relu 148.3501587 -0.0000000 197.7036133
669_Conv 56.7713737 -46.1344986 56.7713737
672_Add 173.1514893 -280.4161682 307.6745605
674_Relu 98.5879974 -0.0000000 197.0797119
675_Conv 61.7685776 -45.1204033 61.7685776
678_Add 187.4932098 -265.6498108 333.1585083
680_Relu 110.1130981 -0.0000000 160.0863037
681_Conv 47.5023537 -44.8680420 47.5023537
684_Add 163.6331329 -271.0969849 327.1064758
686_Relu 151.7697754 -0.0000000 220.6482391
687_Conv 55.6790733 -55.6790733 53.4566269
690_Add 192.3684998 -295.8088684 341.8214417
692_Relu 154.0733337 -0.0000000 246.3969574
693_Conv 96.4061584 -69.7641449 96.4061584
696_Add 204.4227905 -346.2265015 363.2408447
698_Relu 160.7210388 -0.0000000 229.5213928
699_Conv 106.6829376 -83.8654022 106.6829376
702_Add 200.8555756 -392.2767029 401.5150146
704_Relu 166.9997864 -0.0000000 205.4378510
705_Conv 56.8392601 -56.8392601 56.0645447
708_Add 200.9937592 -391.7533264 401.7912292
710_Relu 155.9926147 -0.0000000 207.8885956
711_Conv 73.6317520 -73.6317520 62.7411270
714_Add 185.0041351 -422.6601257 412.4448547
716_Relu 188.7709045 -0.0000000 232.2199707
717_Conv 79.3032074 -78.7567978 79.3032074
720_Add 218.7728119 -437.3319702 402.2662659
722_Relu 157.2107391 -0.0000000 228.5585175
723_Conv 52.2823982 -52.1254234 52.2823982
726_Add 190.8244324 -435.9571533 398.9202576
728_Relu 200.5816040 -0.0000000 320.7738647
729_Conv 94.8563614 -85.0024033 94.8563614
732_Add 216.1474304 -432.0837708 414.8045959
734_Relu 162.8581543 -0.0000000 289.3842468
735_Conv 101.0432892 -101.0432892 75.5830383
738_Add 220.7951202 -441.3746338 396.8955078
740_Relu 158.5175476 -0.0000000 362.1489258
741_Conv 97.6297073 -97.6297073 95.5009995
744_Add 193.2284088 -441.4492798 386.6788635
746_Relu 163.4905243 -0.0000000 261.4571228
747_Conv 120.8438797 -106.3803711 120.8438797
750_Add 229.8828583 -408.4810791 382.4837036
752_Relu 152.6876984 -0.0000000 271.3122559
753_Conv 121.3376617 -121.3376617 91.8425598
756_Add 223.0837097 -445.9495544 399.0701904
758_Relu 202.9597321 -0.0000000 324.5769958
759_Conv 112.6811981 -112.6811981 111.2115173
762_Add 227.2759247 -454.3298950 391.3937988
764_Relu 168.1714478 -0.0000000 268.9429321
765_Conv 108.1383896 -97.3155060 108.1383896
768_Add 239.9193115 -479.6043396 400.4263916
770_Relu 211.3908234 -0.0000000 307.3274231
771_Conv 158.1871948 -158.1871948 134.9879303
774_Add 260.3906250 -462.6906433 429.3009644
776_Relu 222.6543732 -0.0000000 296.7275391
777_Conv 166.9555664 -166.9555664 153.7259369
780_Add 281.8970642 -450.8150635 442.2276001
782_Relu 188.9536438 -0.0000000 377.7227478
783_Conv 163.0624847 -163.0624847 146.9394073
786_Add 260.3239746 -450.3704834 462.5721741
788_Relu 235.4510734 -0.0000000 402.7310181
789_Conv 174.8233795 -174.8233795 171.1232147
792_Add 267.4476013 -534.6340332 473.6026001
794_Relu 232.5755867 -0.0000000 361.1197510
795_Conv 197.4370728 -162.6547394 197.4370728
798_Add 282.4833374 -564.6907959 495.9743652
800_Relu 222.5304871 -0.0000000 395.4165649
801_Conv 169.4363403 -162.5547028 169.4363403
804_Add 263.7980042 -602.6724243 532.9572144
806_Relu 332.9624329 -0.0000000 443.7331543
807_Conv 231.4287415 -231.4287415 192.1725769
810_Add 311.5068970 -711.6680908 468.3549500
812_Relu 279.4643555 -0.0000000 638.4637451
813_Conv 273.8132820 -254.3355713 290.1267090
816_Add 359.4496155 -821.1979370 519.7299194
818_Relu 324.1616287 -0.0000000 560.5565796
819_Conv 273.2298279 -273.2298279 249.2899323
822_Add 356.6533050 -877.5399170 589.7982788
824_Relu 360.0040283 -0.0000000 822.4645386
825_Conv 334.6702271 -288.4404297 334.6702271
828_Add 392.8791778 -897.6712646 659.4973145
830_Relu 349.2312470 -0.0000000 839.9934082
831_Conv 363.0194862 -324.1252441 439.9780273
834_Add 420.2823975 -840.3184814 740.2674561
835_Conv 323.2745651 -635.7302246 689.4234009
836_Add 362.5955933 -661.5803833 724.9786987
837_Conv 406.1062363 -866.0722656 767.8811646
842_Reshape 460.2198868 -866.0722656 767.8811646
843_Conv 283.9288391 -237.1643524 354.8677063
output_Conv 286.3196106 -125.7038574 457.8876953
