# genetated time: 2023-07-25 14:33:58.174088
# histogram number: 2048
# sample number: 20
# tune number: 5
###
# op_name    threshold    min    max
input 255.0000000 0.0000000 255.0000000
343_Conv 150.0867432 -114.4440002 151.9799957
344_Conv 162.2049484 -211.7898407 172.5891113
346_Relu 94.3567657 0.0000000 137.1791840
347_Conv 72.8978271 -72.8978271 61.7931633
350_Add 172.1800385 -211.8104248 177.2832489
352_Relu 56.2787437 0.0000000 56.2787437
353_Conv 9.6962900 -9.6962900 8.7515640
356_Add 206.5237061 -211.8006134 177.2930603
358_Relu 135.2942879 0.0000000 159.1651764
359_Conv 145.3059235 -116.3995743 145.3059235
362_Add 78.6100495 -157.1740265 154.2954712
364_Relu 67.6565474 0.0000000 108.7797623
365_Conv 50.7151070 -37.9747391 50.7151070
368_Add 82.1671677 -153.6477966 164.2540894
370_Relu 70.7254701 0.0000000 127.8423233
371_Conv 48.9782104 -45.4907570 48.9782104
374_Add 78.3063584 -164.1046295 178.9185333
376_Relu 48.8834768 0.0000000 103.5810547
377_Conv 44.9925575 -44.9925575 43.1027565
380_Add 76.3245830 -176.0613251 187.7954559
382_Relu 45.0809937 0.0000000 72.1225433
383_Conv 26.3088188 -20.1836224 26.3088188
386_Add 95.9321869 -178.8317413 191.8081512
388_Relu 41.7910404 0.0000000 86.2578888
389_Conv 34.1649361 -34.1649361 28.6853275
392_Add 115.5622718 -183.5002594 197.6653290
394_Relu 52.7927795 0.0000000 87.9593201
395_Conv 24.7410660 -22.1239529 24.7410660
398_Add 158.7338989 -192.4798737 211.5693970
400_Relu 60.7232494 0.0000000 92.5199051
401_Conv 34.6089783 -34.6089783 32.3858337
404_Add 96.8007400 -186.0506744 221.1754913
406_Relu 52.2410192 0.0000000 82.3323441
407_Conv 35.5769653 -35.5769653 33.6281052
410_Add 120.1457413 -177.5228577 243.2383881
412_Relu 40.6475693 0.0000000 116.1116028
413_Conv 33.0510902 -30.8788357 33.0510902
416_Add 92.7083698 -190.6011353 228.1074982
418_Relu 46.8725968 0.0000000 104.1330643
419_Conv 35.2997589 -35.2997589 33.4615517
422_Add 88.7056351 -186.1450348 236.4328461
424_Relu 49.7247492 0.0000000 79.9486008
425_Conv 27.4362965 -22.2690372 27.4362965
428_Add 126.3703533 -190.0597076 240.5990906
430_Relu 42.8850021 0.0000000 95.2741470
431_Conv 24.6294670 -23.0531826 24.6294670
434_Add 106.2355118 -194.5421600 242.7054596
436_Relu 34.0654454 0.0000000 104.7813187
437_Conv 27.9013863 -26.8825684 27.9013863
440_Add 111.4812469 -190.4511108 254.6898499
442_Relu 44.9082230 0.0000000 74.8226700
443_Conv 30.6866894 -21.1079712 30.6866894
446_Add 144.9641418 -190.9710236 257.5881958
448_Relu 40.6885109 0.0000000 92.9569016
449_Conv 24.9822140 -24.9822140 22.8232498
452_Add 92.0321289 -189.5573730 265.2069702
454_Relu 43.7979132 0.0000000 105.3455505
455_Conv 30.1981544 -27.3762360 30.1981544
458_Add 112.5389175 -184.4599152 257.1062012
460_Relu 42.4803131 0.0000000 91.1931229
461_Conv 22.8724766 -22.8724766 22.5363941
464_Add 93.3698349 -186.7408905 248.8646393
466_Relu 59.3764801 0.0000000 86.3542862
467_Conv 23.7910881 -23.7910881 22.5666122
470_Add 101.7999901 -183.8076172 250.4772949
472_Relu 46.1839638 0.0000000 73.8582611
473_Conv 21.4731522 -20.7168331 21.4731522
476_Add 112.5499588 -181.6266479 257.1601257
478_Relu 42.3100834 0.0000000 75.2007828
479_Conv 27.5222054 -27.5222054 25.2595158
482_Add 99.0013603 -184.6865997 259.5821533
484_Relu 51.6998266 0.0000000 78.7685928
485_Conv 20.5367489 -18.9361115 20.5367489
488_Add 99.2629242 -183.5194092 264.5718994
490_Relu 57.5668205 0.0000000 122.7684326
491_Conv 33.8091774 -27.7831173 33.8091774
494_Add 112.0639420 -199.3805542 256.0210876
496_Relu 46.8907570 0.0000000 115.3739777
497_Conv 29.9622002 -26.2996159 29.9622002
500_Add 125.4429199 -209.2766113 253.9626617
502_Relu 47.7071514 0.0000000 78.6601181
503_Conv 22.3161716 -22.3161716 19.3839130
506_Add 109.9561691 -212.3540344 251.2056580
508_Relu 42.7439449 0.0000000 105.1708069
509_Conv 39.7245979 -39.7245979 25.4785347
512_Add 103.8524078 -206.3416901 255.5272369
514_Relu 51.7518568 0.0000000 82.7787094
515_Conv 24.1060829 -21.6302567 24.1060829
518_Add 102.4279724 -206.5592804 252.0224152
520_Relu 50.7025470 0.0000000 81.1003036
521_Conv 21.1179943 -21.1179943 18.1942768
524_Add 96.9968613 -208.7018738 254.3263397
526_Relu 56.6269159 0.0000000 108.4689102
527_Conv 38.4076080 -38.4076080 26.2824707
530_Add 101.8547516 -202.3999786 271.4800415
532_Relu 55.3730803 0.0000000 88.1233749
533_Conv 26.0355034 -20.7656612 26.0355034
536_Add 122.3981323 -205.4116364 279.6305542
538_Relu 83.1812439 0.0000000 133.0665894
539_Conv 62.2892647 -58.6235733 62.2892647
542_Add 108.8040009 -228.3410187 290.0023499
544_Relu 49.0777550 0.0000000 87.2067413
545_Conv 27.3382797 -21.5928459 27.3382797
548_Add 170.6044708 -229.9482422 291.8131409
550_Relu 52.0978866 0.0000000 90.5723190
551_Conv 28.2822075 -22.6286430 28.2822075
554_Add 126.1637726 -227.6712341 288.2335205
556_Relu 93.6497498 0.0000000 166.4071503
557_Conv 47.6357155 -47.6357155 46.2153206
560_Add 140.5922943 -235.8193207 255.5202179
562_Relu 52.8761505 0.0000000 93.9806213
563_Conv 30.9231853 -30.9231853 26.3103333
566_Add 103.9053330 -243.3619843 272.4403992
568_Relu 58.1655655 0.0000000 178.9104614
569_Conv 39.2202721 -39.2202721 30.7566128
572_Add 98.0617051 -282.5822449 269.8677063
574_Relu 70.9340962 0.0000000 126.0763168
575_Conv 34.1063042 -34.1063042 28.9815426
578_Add 107.7660286 -282.5631714 265.5855103
580_Relu 61.1225243 0.0000000 115.0244141
581_Conv 49.7087746 -39.4637260 49.7087746
584_Add 109.4407188 -269.2771606 261.4374390
586_Relu 82.2627106 0.0000000 187.9372406
587_Conv 59.8493805 -59.8493805 55.5227051
590_Add 107.3510742 -272.1004028 286.1297607
592_Relu 60.1045204 0.0000000 109.2372818
593_Conv 30.3847332 -26.7651119 30.3847332
596_Add 107.5454102 -262.1434937 286.6477051
598_Relu 60.2241440 0.0000000 107.0128708
599_Conv 31.8825073 -28.9451275 31.8825073
602_Add 102.3912354 -252.4272156 272.9099731
604_Relu 61.0866516 0.0000000 150.3027496
605_Conv 30.0735626 -30.0735626 28.7753792
608_Add 135.2752533 -235.7123718 270.4183960
610_Relu 63.8070011 0.0000000 102.0612869
611_Conv 30.4354286 -30.4354286 24.8856411
614_Add 139.5541077 -234.7788391 278.9719238
616_Relu 56.6720352 0.0000000 113.3108597
617_Conv 28.3296127 -28.3296127 28.2092781
620_Add 105.2674408 -235.6952820 280.5761108
622_Relu 55.6069732 0.0000000 101.0631943
623_Conv 28.2721329 -28.2721329 25.9520721
626_Add 138.9930267 -223.3504944 277.8503113
628_Relu 80.7559387 0.0000000 138.1302795
629_Conv 51.7312851 -40.8633118 51.7312851
632_Add 115.7125549 -224.1492004 264.3566895
634_Relu 67.6918945 0.0000000 135.3176880
635_Conv 29.5620308 -29.0558205 29.5620308
638_Add 117.9717789 -231.7583923 269.5181274
640_Relu 60.4710850 0.0000000 115.8324127
641_Conv 40.8063087 -40.8063087 33.2259445
644_Add 99.4506454 -219.5375977 265.0722351
646_Relu 71.9324860 0.0000000 110.6362610
647_Conv 36.0056458 -34.9125443 36.0056458
650_Add 116.1614838 -216.3823395 265.3823242
652_Relu 105.7316360 0.0000000 130.0677032
653_Conv 38.9967461 -33.2033195 38.9967461
656_Add 161.2400055 -226.4062958 257.8580322
658_Relu 70.5220255 0.0000000 104.4525070
659_Conv 30.7714100 -30.7714100 30.1013660
662_Add 129.1905518 -225.1763458 258.2549438
664_Relu 75.9201508 0.0000000 134.9032593
665_Conv 34.5046425 -34.5046425 33.1616974
668_Add 129.2056274 -222.5740662 258.2850647
670_Relu 105.2695465 0.0000000 140.2908478
671_Conv 63.1863556 -38.0971870 63.1863556
674_Add 113.4342957 -212.8459167 259.1517944
676_Relu 80.0649414 0.0000000 128.0413666
677_Conv 40.3211098 -34.5147057 40.3211098
680_Add 135.2790833 -217.4723663 270.4260559
682_Relu 77.1384277 0.0000000 137.0680237
683_Conv 48.4963608 -41.7771759 48.4963608
686_Add 111.8688675 -216.6797180 275.2516174
688_Relu 93.7673416 0.0000000 166.6161041
689_Conv 52.3840332 -47.4089470 52.3840332
692_Add 123.6921387 -212.3348999 282.5868225
694_Relu 136.9340668 0.0000000 199.0795746
695_Conv 69.3523178 -52.9816017 69.3523178
698_Add 162.0757599 -241.4600830 287.9939880
700_Relu 102.2217331 0.0000000 181.6387939
701_Conv 57.4635353 -57.4635353 51.1634254
704_Add 127.1577682 -277.3695679 290.5044250
706_Relu 80.2708816 0.0000000 162.5106201
707_Conv 42.8786392 -42.8786392 41.9177208
710_Add 158.3259125 -281.3308716 280.4188232
712_Relu 84.5206451 0.0000000 193.0957184
713_Conv 58.3779984 -51.1766357 58.3779984
716_Add 151.9385834 -303.7287903 281.7685242
718_Relu 102.0953415 0.0000000 195.5637207
719_Conv 51.9239235 -51.8116608 51.9239235
722_Add 170.2043457 -302.4377747 293.0168152
724_Relu 92.4704971 0.0000000 164.3117218
725_Conv 68.5735168 -52.8314781 68.5735168
728_Add 148.1080780 -296.0715332 294.1607971
730_Relu 133.3604770 0.0000000 284.4078674
731_Conv 71.2986221 -65.3654633 71.2986221
734_Add 139.4690857 -278.8019714 278.4982300
736_Relu 92.7009845 0.0000000 199.0025940
737_Conv 62.2594795 -62.2594795 61.3324127
740_Add 151.8659363 -303.5835571 262.6511230
742_Relu 131.7362122 0.0000000 239.4459534
743_Conv 66.2283707 -66.2283707 59.0738792
746_Add 185.9021606 -330.3313599 268.6287842
748_Relu 116.7697368 0.0000000 199.7306366
749_Conv 83.9606094 -83.9606094 70.7733536
752_Add 152.6801300 -305.2111511 268.3947144
754_Relu 109.7594559 0.0000000 174.6764679
755_Conv 97.5561142 -97.5561142 77.1846466
758_Add 143.7270278 -353.6380920 283.6765442
760_Relu 115.6464691 0.0000000 231.1800079
761_Conv 86.5831604 -86.5831604 77.3465042
764_Add 169.3006897 -338.4360352 321.0612488
766_Relu 125.3627777 0.0000000 200.4824982
767_Conv 75.2822113 -75.2822113 74.7567215
770_Add 169.0168915 -337.8687134 300.6567078
772_Relu 138.1603630 0.0000000 263.0463257
773_Conv 138.7061310 -138.7061310 100.1107941
776_Add 168.8610077 -337.5570984 311.3806458
778_Relu 130.3428421 0.0000000 236.8923035
779_Conv 120.0117493 -120.0117493 118.6695023
782_Add 173.3345642 -346.4998474 340.5983276
784_Relu 132.6416321 0.0000000 353.5383301
785_Conv 132.1035004 -132.1035004 127.9193192
788_Add 185.7318878 -371.2824097 331.9530640
790_Relu 183.0320740 0.0000000 292.7083130
791_Conv 128.0184174 -128.0184174 122.6598587
794_Add 229.5597382 -407.9069214 385.2102966
796_Relu 157.0487831 0.0000000 299.0083923
797_Conv 152.3037415 -149.6781769 152.3037415
800_Add 216.0803528 -493.6567993 393.3232422
802_Relu 191.0024109 0.0000000 305.4546204
803_Conv 124.9092178 -119.8183823 124.9092178
806_Add 224.6027832 -513.1271362 395.3625793
808_Relu 283.4248962 0.0000000 412.0531006
809_Conv 191.1903229 -191.1903229 175.6394653
812_Add 245.9631165 -561.9896240 485.1022949
814_Relu 303.8468323 0.0000000 404.9313049
815_Conv 206.3606110 -206.3606110 203.3834229
818_Add 280.5994873 -641.0570679 518.4013672
820_Relu 257.3593872 0.0000000 571.7545776
821_Conv 244.7327576 -244.7327576 208.0307617
824_Add 301.7253968 -689.3982544 522.4271240
826_Relu 320.8810181 0.0000000 802.0066528
827_Conv 290.4226708 -382.4226990 343.7959595
830_Add 364.9707764 -729.7276611 648.6406250
832_Relu 365.7433349 0.0000000 1044.7622070
833_Conv 328.9517304 -400.3831482 476.2628174
836_Add 395.3257553 -771.2478638 755.8389893
837_Conv 303.8298393 -715.3056641 730.7910156
838_Add 324.8338737 -742.3220215 741.2842407
839_Conv 447.3357254 -921.5923462 947.8766479
844_Reshape 447.3357254 -921.5923462 947.8766479
845_Conv 332.6693527 -667.7053223 800.1576538
850_Reshape 360.1686645 -667.7053223 800.1576538
851_Conv 181.6908081 -224.4300690 302.7194214
output_Conv 279.0821228 -121.4100647 405.7394409
