# genetated time: 2023-07-25 13:02:37.731567
# histogram number: 2048
# sample number: 20
# tune number: 5
###
# op_name    threshold    min    max
input 255.0000000 0.0000000 255.0000000
341_Conv 150.0867432 -114.4440002 151.9799957
342_Conv 152.0084839 -220.9953003 171.2471313
344_Relu 68.6622086 0.0000000 68.6622086
345_Conv 10.7237148 -10.7237148 8.3709154
348_Add 195.5905579 -220.3246002 171.2348480
350_Relu 57.9790840 0.0000000 57.9790840
351_Conv 5.9900470 -5.9900470 5.0291243
354_Add 203.8318360 -220.3209229 171.2385254
356_Relu 123.0761520 0.0000000 166.8732452
357_Conv 148.2798920 -114.8635483 148.2798920
360_Add 82.7332497 -122.5389557 121.6015854
362_Relu 70.1697096 0.0000000 126.8489380
363_Conv 51.9946213 -41.1935081 51.9946213
366_Add 80.4117859 -133.9760132 129.8385010
368_Relu 51.2683506 0.0000000 105.8193207
369_Conv 44.3184776 -44.3184776 43.1573563
372_Add 78.6205662 -151.5265045 145.2383423
374_Relu 47.5009743 0.0000000 110.1308136
375_Conv 37.8263245 -37.8263245 21.6560612
378_Add 79.4466747 -167.2260590 156.9335022
380_Relu 41.9380760 0.0000000 86.5613708
381_Conv 29.3954849 -24.7667255 29.3954849
384_Add 76.7024994 -170.4037476 160.4333038
386_Relu 32.6378725 0.0000000 58.9957390
387_Conv 27.6292458 -27.6292458 20.3563805
390_Add 76.1062248 -173.8915558 163.0615997
392_Relu 43.6685630 0.0000000 85.1937561
393_Conv 23.7958469 -21.8113308 23.7958469
396_Add 82.9877182 -178.1509705 175.1003876
398_Relu 41.4228425 0.0000000 99.6328735
399_Conv 28.0119991 -28.0119991 25.3162346
402_Add 82.5123626 -175.9018707 183.3110504
404_Relu 41.6839874 0.0000000 83.3435440
405_Conv 29.3297348 -29.3297348 27.4009342
408_Add 85.2138019 -175.8307190 181.7290802
410_Relu 35.8291140 0.0000000 91.7064056
411_Conv 21.5977135 -21.5977135 20.2744122
414_Add 86.6139099 -177.1953583 184.7149811
416_Relu 56.3470726 0.0000000 77.7135544
417_Conv 23.4651432 -23.3322792 23.4651432
420_Add 90.1135531 -173.6533203 185.9969177
422_Relu 35.0772486 0.0000000 89.7819672
423_Conv 26.2605991 -26.2605991 21.6728897
426_Add 109.8710255 -175.9520874 191.0110779
428_Relu 39.2832303 0.0000000 81.0816956
429_Conv 24.1141472 -24.1141472 22.1114902
432_Add 119.2126617 -175.6845245 190.6471252
434_Relu 31.3852644 0.0000000 71.7227325
435_Conv 24.3757572 -24.3757572 21.0089417
438_Add 105.7305046 -175.6095886 192.1604767
440_Relu 34.3049607 0.0000000 76.2125626
441_Conv 19.8099670 -19.8099670 18.4944897
444_Add 99.9810867 -177.1508636 192.6949310
446_Relu 34.9472549 0.0000000 87.3468018
447_Conv 24.1278305 -21.0654488 24.1278305
450_Add 92.9315102 -174.3942871 198.1880493
452_Relu 38.9925324 0.0000000 74.6902237
453_Conv 26.2087383 -26.2087383 21.8419514
456_Add 101.5229615 -170.2130127 202.9864197
458_Relu 44.3725975 0.0000000 61.9899025
459_Conv 21.4116039 -21.4116039 17.8009243
462_Add 97.8677492 -172.2480927 202.0018005
464_Relu 47.8101892 0.0000000 93.2737274
465_Conv 33.1644630 -33.1644630 18.8291340
468_Add 103.0256897 -172.0131226 205.9909973
470_Relu 39.1784225 0.0000000 71.2113571
471_Conv 16.6522789 -16.6522789 15.8244352
474_Add 109.7955094 -169.1930389 206.6204681
476_Relu 39.2614689 0.0000000 62.8073044
477_Conv 23.4137993 -23.4137993 23.0162926
480_Add 108.3283020 -169.2954865 208.7826385
482_Relu 54.2764435 0.0000000 78.9090042
483_Conv 17.3122368 -17.3122368 17.0816517
486_Add 111.0167000 -168.7687988 211.3669586
488_Relu 54.9657368 0.0000000 115.6965179
489_Conv 26.6609478 -26.6609478 24.5988007
492_Add 98.8951832 -171.4137268 212.2997589
494_Relu 43.8683951 0.0000000 69.1370087
495_Conv 20.3175087 -19.1477261 20.3175087
498_Add 109.2279648 -175.4538269 209.2262573
500_Relu 48.0490498 0.0000000 66.8431854
501_Conv 18.0101414 -18.0101414 17.3875561
504_Add 103.2843613 -176.7370605 209.1020508
506_Relu 48.3665802 0.0000000 74.3905563
507_Conv 26.9758034 -26.9758034 22.5133705
510_Add 110.1389893 -177.5050964 210.9713287
512_Relu 50.9084358 0.0000000 72.7111130
513_Conv 26.6823254 -26.6823254 24.0122108
516_Add 98.7024689 -180.8594208 211.8860626
518_Relu 52.3083344 0.0000000 83.6524734
519_Conv 17.8232269 -17.8232269 15.6993914
522_Add 104.2469261 -182.2643127 211.0507965
524_Relu 51.2364466 0.0000000 92.6142502
525_Conv 27.0710220 -27.0710220 20.2271118
528_Add 103.3349678 -182.4567871 220.3747253
530_Relu 49.6362101 0.0000000 78.2271423
531_Conv 19.8058434 -19.8058434 19.2444057
534_Add 123.0629273 -182.6777649 218.7286682
536_Relu 74.4138657 0.0000000 119.6443329
537_Conv 42.9671974 -42.9671974 39.4042015
540_Add 106.9107025 -175.4030914 213.7587433
542_Relu 45.0226265 0.0000000 80.0219803
543_Conv 18.7959251 -18.7959251 16.8652916
546_Add 105.6097321 -179.4908905 211.1575775
548_Relu 49.5384350 0.0000000 94.3172379
549_Conv 22.7083035 -21.1809826 22.7083035
552_Add 108.6413719 -181.4187775 209.3860168
554_Relu 68.3401093 0.0000000 138.3564453
555_Conv 34.5149078 -31.6939106 34.5149078
558_Add 125.6866837 -195.5201569 201.0005035
560_Relu 48.6749773 0.0000000 81.9624710
561_Conv 27.8391762 -27.8391762 21.2617073
564_Add 102.0523499 -194.5944214 204.0448914
566_Relu 53.3390981 0.0000000 96.4149704
567_Conv 21.6114616 -21.6114616 19.3183174
570_Add 106.5921440 -197.5040741 200.5921631
572_Relu 55.8193309 0.0000000 107.5813675
573_Conv 29.0373211 -22.8624191 29.0373211
576_Add 113.7896729 -201.2983398 202.1939850
578_Relu 56.0572971 0.0000000 86.2193146
579_Conv 26.9014282 -26.9014282 23.2100430
582_Add 108.9371471 -205.0051422 201.4114380
584_Relu 83.4245872 0.0000000 141.9830627
585_Conv 62.1554756 -62.1554756 49.0735207
588_Add 109.3906746 -195.2433777 205.8586121
590_Relu 59.4275097 0.0000000 97.9847870
591_Conv 27.5414448 -24.3604584 27.5414448
594_Add 139.5976868 -189.6112976 202.9520264
596_Relu 50.8161030 0.0000000 95.6291122
597_Conv 24.3776283 -24.3776283 24.2539101
600_Add 140.1521759 -194.3658142 203.7581787
602_Relu 52.9429825 0.0000000 96.2300491
603_Conv 24.8677177 -22.6278839 24.8677177
606_Add 103.0145538 -193.6704254 205.9687347
608_Relu 57.2577934 0.0000000 122.1093979
609_Conv 25.4869595 -25.0476551 25.4869595
612_Add 105.4470436 -193.4628448 203.2295380
614_Relu 61.8236646 0.0000000 116.3438644
615_Conv 30.5315285 -25.5428867 30.5315285
618_Add 110.3924835 -198.6041260 200.6512299
620_Relu 56.9690643 0.0000000 103.5479279
621_Conv 27.2236805 -27.2236805 22.0953846
624_Add 107.3059406 -201.4652100 201.9354248
626_Relu 68.6414761 0.0000000 124.0753250
627_Conv 39.4571075 -31.1940746 39.4571075
630_Add 104.1631931 -199.5246887 199.0478363
632_Relu 59.3878418 0.0000000 107.9443359
633_Conv 27.7255592 -27.7255592 24.9994354
636_Add 108.1302223 -199.1999054 203.4866180
638_Relu 63.3591432 0.0000000 101.3449249
639_Conv 31.6913414 -31.6913414 27.5596714
642_Add 101.8017006 -196.2112274 206.1003723
644_Relu 55.2596886 0.0000000 135.9656067
645_Conv 33.3864098 -33.3864098 27.6205349
648_Add 113.2339599 -195.5931854 205.8159485
650_Relu 74.0772125 0.0000000 118.5027008
651_Conv 34.6572380 -32.5308800 34.6572380
654_Add 116.3612709 -196.8841705 201.2177582
656_Relu 68.1993322 0.0000000 98.7333603
657_Conv 30.1483307 -30.1483307 27.8130970
660_Add 110.4629737 -192.8278046 200.7615204
662_Relu 68.9067352 0.0000000 137.7730865
663_Conv 29.2239246 -29.2239246 28.0531864
666_Add 112.5433319 -195.7692566 204.5606537
668_Relu 67.1674103 0.0000000 103.2995453
669_Conv 36.6303864 -36.0843277 36.6303864
672_Add 114.4166634 -197.7187958 203.3610382
674_Relu 78.7539314 0.0000000 124.1169510
675_Conv 33.8689384 -33.8689384 32.8362274
678_Add 119.6294052 -190.9758453 212.6260223
680_Relu 70.8358886 0.0000000 128.7525024
681_Conv 34.0485191 -34.0485191 30.9952183
684_Add 118.7104553 -198.6432648 215.7701111
686_Relu 80.9286423 0.0000000 117.6569061
687_Conv 36.2681847 -34.8675804 36.2681847
690_Add 127.0231270 -202.0881042 213.8907928
692_Relu 89.9951511 0.0000000 173.4488983
693_Conv 60.7143478 -47.5094681 60.7143478
696_Add 123.4302033 -200.3906860 224.3488007
698_Relu 109.5499191 0.0000000 159.2675323
699_Conv 54.1150818 -54.1150818 52.0921669
702_Add 122.5194218 -222.8028870 233.2672272
704_Relu 76.8005213 0.0000000 113.7517929
705_Conv 43.8606110 -43.8606110 35.7301788
708_Add 132.1334625 -222.5184631 234.8503876
710_Relu 96.6438522 0.0000000 140.5042419
711_Conv 43.2886276 -42.5508804 43.2886276
714_Add 153.8211517 -245.9936676 231.0910492
716_Relu 97.7852173 0.0000000 156.3799438
717_Conv 48.8373833 -48.8373833 41.4301224
720_Add 130.4699249 -245.5269470 231.7558899
722_Relu 101.8300095 0.0000000 135.7070465
723_Conv 52.0794525 -52.0794525 48.1975975
726_Add 142.9751434 -254.0539246 235.1507263
728_Relu 151.6042176 0.0000000 242.4956665
729_Conv 70.7242889 -56.6356010 70.7242889
732_Add 143.3302059 -269.7282715 230.3735046
734_Relu 95.8951359 0.0000000 165.8266907
735_Conv 57.7469635 -57.7469635 44.1475716
738_Add 133.9028931 -267.6750183 228.9772644
740_Relu 112.4046845 0.0000000 294.7257385
741_Conv 72.3017120 -72.3017120 56.9038734
744_Add 137.0687256 -274.0036011 233.9473724
746_Relu 107.9527222 0.0000000 166.0249634
747_Conv 76.2479630 -63.8189659 76.2479630
750_Add 140.8939934 -285.2438049 229.2995300
752_Relu 102.6228760 0.0000000 182.3990784
753_Conv 70.4263306 -67.8020859 70.4263306
756_Add 141.7566177 -286.9902039 229.1458588
758_Relu 102.3219600 0.0000000 194.8128662
759_Conv 74.0788422 -74.0788422 64.6365204
762_Add 145.3170929 -290.4922791 231.9014893
764_Relu 114.3243752 0.0000000 177.5112762
765_Conv 78.7740250 -78.7740250 77.4833298
768_Add 160.1958771 -341.6377258 246.8494568
770_Relu 133.3628292 0.0000000 198.4326477
771_Conv 118.2203064 -118.2203064 94.3412781
774_Add 169.2257614 -360.8950806 269.5789795
776_Relu 118.9550339 0.0000000 311.9007874
777_Conv 91.8655167 -90.3341217 91.8655167
780_Add 172.2142029 -348.6524353 291.2096252
782_Relu 133.8977661 0.0000000 356.8863831
783_Conv 135.6838989 -110.6354294 135.6838989
786_Add 202.7619324 -360.2896729 335.5126343
788_Relu 173.2979279 0.0000000 346.4266052
789_Conv 124.6314163 -124.6314163 120.4765778
792_Add 197.6609924 -395.2061462 320.4367676
794_Relu 159.9727097 0.0000000 254.5882568
795_Conv 122.7213898 -106.4422607 122.7213898
798_Add 204.7573242 -392.2128296 312.9580078
800_Relu 165.8443832 0.0000000 286.7864380
801_Conv 119.1187057 -119.1187057 116.4523926
804_Add 214.1565086 -410.2169800 350.2249756
806_Relu 253.3396538 0.0000000 366.7642212
807_Conv 183.5085602 -183.5085602 162.8428497
810_Add 240.9419861 -437.9013062 375.5170898
812_Relu 283.4589539 0.0000000 377.7607422
813_Conv 222.4129524 -197.7810516 228.1129913
816_Add 274.5522156 -548.8363037 405.0509033
818_Relu 309.7964783 0.0000000 563.1912842
819_Conv 247.5059807 -264.0012207 251.9367523
822_Add 297.1395607 -613.3044434 443.7924194
824_Relu 360.1628914 0.0000000 677.7783813
825_Conv 281.7479980 -276.0309448 290.8338928
828_Add 337.3898010 -658.2374268 696.3820801
830_Relu 453.5879761 0.0000000 1051.6418457
831_Conv 319.3088276 -472.9725952 481.9356079
834_Add 380.7488098 -692.1783447 668.7854614
835_Conv 306.9732910 -681.9777832 621.1711426
836_Add 313.7320053 -646.9628296 660.3695679
837_Conv 298.3879547 -615.8811646 599.2725220
842_Reshape 319.5541687 -615.8811646 599.2725220
843_Conv 204.3107315 -287.0652466 336.9242554
output_Conv 275.0995178 -175.6047516 439.9442749
