# genetated time: 2023-09-14 20:08:02.424705
# histogram number: 2048
# sample number: 30
# tune number: 5
###
# op_name    threshold    min    max
input 255.0000000 0.0000000 255.0000000
99_Conv 147.0791931 -116.0145340 148.4608154
100_Conv 152.4043426 -236.6379852 179.0243988
102_Relu 224.9809204 0.0000000 562.3149414
104_Relu 231.1567413 0.0000000 528.1592407
105_Concat 277.7511764 0.0000000 562.3149414
107_Relu 465.0312210 0.0000000 840.5836182
109_Relu 437.0689117 0.0000000 1075.4012451
110_Concat 470.5865555 0.0000000 1075.4012451
111_Conv 158.6481369 -220.7025299 188.8007812
112_Add 177.2075958 -233.1506958 240.2277832
114_Relu 256.7501824 0.0000000 432.3346558
116_Relu 258.9712524 0.0000000 591.6452637
117_Concat 358.8312378 0.0000000 591.6452637
119_Relu 224.2157578 0.0000000 478.1681213
121_Relu 218.2979736 0.0000000 498.7231750
122_Concat 249.4833984 0.0000000 498.7231750
123_Conv 152.4326477 -179.3067627 178.3338165
124_Add 185.2400208 -284.9096985 266.8698425
126_Relu 276.7274963 0.0000000 354.1821289
128_Relu 281.3664856 0.0000000 499.9628601
129_Concat 281.3664856 0.0000000 499.9628601
131_Relu 181.5801697 0.0000000 290.4431458
133_Relu 239.8160400 0.0000000 426.1314697
134_Concat 213.1698151 0.0000000 426.1314697
135_Conv 111.4263000 -111.4263000 103.4577789
136_Add 176.9311905 -305.9583130 274.4533081
138_Relu 237.0949821 0.0000000 352.7773438
140_Relu 341.3645935 0.0000000 545.9166870
141_Concat 238.9285492 0.0000000 545.9166870
143_Relu 188.4727295 0.0000000 284.3692017
145_Relu 274.3859558 0.0000000 438.8031921
146_Concat 219.5087738 0.0000000 438.8031921
147_Conv 129.7345123 -165.4032593 172.9511871
148_Add 184.1017945 -368.0957031 284.6045227
150_Relu 227.5072693 0.0000000 454.8811951
152_Relu 252.5183258 0.0000000 576.9029541
153_Concat 234.4672089 0.0000000 576.9029541
155_Relu 195.7129028 0.0000000 334.7602234
157_Relu 340.5610352 0.0000000 495.1196289
158_Concat 247.6807556 0.0000000 495.1196289
159_Conv 142.7201878 -172.9762421 164.2562866
160_Add 310.2796631 -451.0954895 329.7149048
162_Relu 301.5643509 0.0000000 524.2704468
164_Relu 521.7846680 0.0000000 641.8829346
165_Concat 361.2355347 0.0000000 641.8829346
167_Relu 339.8160706 0.0000000 494.0365906
169_Relu 429.6590881 0.0000000 624.6535034
170_Concat 429.6590881 0.0000000 624.6535034
171_Conv 160.4729569 -235.9131470 278.9826660
172_Add 255.7477570 -454.4406738 417.4934692
174_Relu 449.0377167 0.0000000 816.1060181
176_Relu 464.7725220 0.0000000 825.8588257
177_Concat 464.7725220 0.0000000 825.8588257
179_Relu 628.2615417 0.0000000 1141.8372803
181_Relu 893.5577393 0.0000000 1428.9942627
182_Concat 625.4904175 0.0000000 1428.9942627
183_Conv 280.9510803 -535.8669434 748.8370361
184_Add 407.9197388 -758.8087158 931.9326782
186_Relu 897.4647949 0.0000000 1631.2470703
188_Relu 862.9857910 0.0000000 2123.3630371
189_Concat 929.3214356 0.0000000 2123.3630371
191_Relu 1772.2910156 0.0000000 2576.6191406
193_Relu 1480.3439941 0.0000000 3381.9914551
194_Concat 1480.3439941 0.0000000 3381.9914551
195_Conv 826.1241455 -1582.5437012 1705.1435547
196_Add 765.7585724 -1884.1370850 1854.0122070
197_Concat 824.4825516 -1884.1370850 1854.0122070
198_Conv 365.3582420 -610.2351685 660.4161987
199_Conv 274.1994064 -540.6194458 577.1580200
200_Conv 359.8856277 -808.4952393 822.4235229
201_DepthToSpace 359.8856277 -808.4952393 822.4235229
202_Conv 262.3328323 -630.9797363 525.2187500
203_DepthToSpace 262.3328323 -630.9797363 525.2187500
204_Conv 294.7415771 -563.8743286 673.3660278
205_DepthToSpace 294.7415771 -563.8743286 673.3660278
206_Conv 234.3446808 -278.6134949 334.7080383
output_Conv 274.6108398 -157.6256409 439.1627808
