# genetated time: 2023-08-30 17:17:13.266397
# histogram number: 2048
# sample number: 50
# tune number: 5
###
# op_name    threshold    min    max
input 255.0000000 0.0000000 255.0000000
95_Conv 146.9672699 -115.9091339 149.7545929
96_Conv 170.8227234 -227.6524353 182.7267151
98_Relu 189.7048622 0.0000000 523.1739502
100_Relu 192.9131500 0.0000000 555.9136353
101_Concat 231.1237274 0.0000000 555.9136353
103_Relu 421.3352661 0.0000000 1123.0120850
105_Relu 323.9722336 0.0000000 933.5836792
106_Concat 389.7076706 0.0000000 1123.0120850
107_Conv 138.0092240 -215.0814819 238.6524811
108_Add 144.5961731 -292.7389526 257.7994690
110_Relu 257.1289436 0.0000000 409.2073364
112_Relu 249.4676635 0.0000000 623.5168457
113_Concat 253.4122345 0.0000000 623.5168457
115_Relu 285.4639374 0.0000000 550.1785889
117_Relu 286.8249512 0.0000000 705.7283325
118_Concat 286.8249512 0.0000000 705.7283325
119_Conv 135.1833725 -194.1791382 205.9697571
120_Add 181.7442665 -320.1362000 348.1312866
122_Relu 280.3471970 0.0000000 349.0379333
124_Relu 288.5677856 0.0000000 619.4727783
125_Concat 271.1517334 0.0000000 619.4727783
127_Relu 288.5532593 0.0000000 475.8467102
129_Relu 376.2265015 0.0000000 668.5205078
130_Concat 334.4235535 0.0000000 668.5205078
131_Conv 141.1693268 -203.6762390 207.1421204
132_Add 170.6367516 -326.9770203 366.3084412
134_Relu 277.1355469 0.0000000 466.6610107
136_Relu 333.6515808 0.0000000 592.8687744
137_Concat 277.9995453 0.0000000 592.8687744
139_Relu 225.3588951 0.0000000 542.0476685
141_Relu 269.6486511 0.0000000 718.7119141
142_Concat 359.5315247 0.0000000 718.7119141
143_Conv 157.9823944 -181.9825134 217.8883972
144_Add 196.0232879 -374.4923706 418.0441284
146_Relu 311.4453674 0.0000000 711.6069336
148_Relu 434.7289429 0.0000000 993.1809692
149_Concat 310.5206604 0.0000000 993.1809692
151_Relu 303.3506134 0.0000000 614.1417236
153_Relu 542.5361328 0.0000000 788.7581177
154_Concat 345.2502441 0.0000000 788.7581177
155_Conv 178.4836762 -282.3457336 343.9940491
156_Add 265.6994019 -472.1238403 452.0081787
158_Relu 437.4109619 0.0000000 795.0455322
160_Relu 521.2684326 0.0000000 1190.8889160
161_Concat 521.2684326 0.0000000 1190.8889160
163_Relu 448.1407547 0.0000000 858.4140015
165_Relu 675.5790405 0.0000000 982.1806641
166_Concat 614.1627808 0.0000000 982.1806641
167_Conv 198.7082924 -256.3176270 291.5708313
168_Add 314.4475098 -538.4714355 628.5879517
170_Relu 748.7059326 0.0000000 1088.4951172
172_Relu 591.1748657 0.0000000 1890.8359375
173_Concat 709.4098511 0.0000000 1890.8359375
175_Relu 698.8083496 0.0000000 1241.7193604
177_Relu 894.9560547 0.0000000 1789.0380859
178_Concat 783.0865479 0.0000000 1789.0380859
179_Conv 300.0822266 -738.3476562 619.2326660
180_Add 488.9605591 -977.6345825 902.9486084
182_Relu 912.1770324 0.0000000 1846.7276611
184_Relu 1122.9569092 0.0000000 1995.3930664
185_Concat 1247.7298584 0.0000000 1995.3930664
187_Relu 1640.6539063 0.0000000 2523.2294922
189_Relu 1730.2241211 0.0000000 3074.4521484
190_Concat 1614.8008057 0.0000000 3074.4521484
191_Conv 1192.4355988 -2326.3432617 2122.4128418
192_Add 1100.6703613 -2751.0039062 2422.6506348
193_Concat 1100.6703613 -2751.0039062 2422.6506348
194_Conv 510.6039276 -957.2203979 1074.7622070
195_Conv 421.9603271 -741.2686157 767.0983887
196_Conv 317.7779770 -648.4719849 655.9027100
197_DepthToSpace 362.8612747 -648.4719849 655.9027100
198_Conv 203.1783264 -244.5729523 369.3003235
output_Conv 260.4094543 -122.6311874 462.7241211
