# genetated time: 2023-08-30 15:44:32.386004
# histogram number: 2048
# sample number: 50
# tune number: 5
###
# op_name    threshold    min    max
input 255.0000000 0.0000000 255.0000000
97_Conv 145.6120422 -116.7328568 149.3400726
98_Conv 163.0852081 -239.2999725 188.0420074
100_Relu 251.2102325 0.0000000 456.6850281
102_Relu 260.0975609 0.0000000 594.3842773
103_Concat 247.1180847 0.0000000 594.3842773
105_Relu 459.7689362 0.0000000 865.2236328
107_Relu 463.8757172 0.0000000 1060.0654297
108_Concat 404.2955689 0.0000000 1060.0654297
109_Conv 154.5426552 -214.9912109 176.2989197
110_Add 165.8708877 -283.7164917 221.6311340
112_Relu 294.9520645 0.0000000 471.8771973
114_Relu 286.9519928 0.0000000 580.9422607
115_Concat 301.4258820 0.0000000 580.9422607
117_Relu 287.6279633 0.0000000 605.4235840
119_Relu 274.9721283 0.0000000 628.2709351
120_Concat 345.6871399 0.0000000 628.2709351
121_Conv 149.9353355 -184.5233154 178.9296570
122_Add 164.1843414 -328.2083435 311.4183960
124_Relu 308.1461731 0.0000000 424.9934082
126_Relu 350.1416321 0.0000000 699.9413452
127_Concat 284.4729874 0.0000000 699.9413452
129_Relu 263.8039200 0.0000000 415.7575073
131_Relu 326.0007935 0.0000000 651.6832275
132_Concat 270.9403992 0.0000000 651.6832275
133_Conv 157.1808678 -186.5296631 195.6933594
134_Add 186.0943848 -353.4217529 372.0797119
136_Relu 238.6604217 0.0000000 360.1724243
138_Relu 325.8927612 0.0000000 651.4672852
139_Concat 285.1561584 0.0000000 651.4672852
141_Relu 238.9116516 0.0000000 477.5899963
143_Relu 216.8849487 0.0000000 578.0774536
144_Concat 253.0324402 0.0000000 578.0774536
145_Conv 169.2300720 -169.2300720 152.6378784
146_Add 206.0390472 -411.8768921 385.3198547
148_Relu 313.3834274 0.0000000 482.0015564
150_Relu 427.1130676 0.0000000 758.9414062
151_Concat 332.1990662 0.0000000 758.9414062
153_Relu 288.6955124 0.0000000 710.3308105
155_Relu 316.8880615 0.0000000 723.9618530
156_Concat 316.8880615 0.0000000 723.9618530
157_Conv 194.0029755 -218.2632904 229.0549927
158_Add 268.2331330 -442.2659912 416.9100647
160_Relu 427.1555389 0.0000000 776.3361206
162_Relu 424.5037536 0.0000000 1044.4848633
163_Concat 457.1853638 0.0000000 1044.4848633
165_Relu 422.5625000 0.0000000 750.8554077
167_Relu 492.0257263 0.0000000 983.5709839
168_Concat 492.0257263 0.0000000 983.5709839
169_Conv 208.6570434 -331.7164001 360.8202515
170_Add 275.6250733 -547.4988403 558.0106201
172_Relu 551.8126221 0.0000000 1103.0863037
174_Relu 708.0395508 0.0000000 1029.3728027
175_Concat 551.8126221 0.0000000 1103.0863037
177_Relu 1063.9197998 0.0000000 1308.8004150
179_Relu 1030.3862305 0.0000000 1830.9034424
180_Concat 1030.3862305 0.0000000 1830.9034424
181_Conv 338.3248352 -715.6723022 773.0225830
182_Add 509.2344360 -854.8630371 904.8636475
184_Relu 981.9548095 0.0000000 1784.8175049
186_Relu 988.0314941 0.0000000 1975.0981445
187_Concat 1049.5422516 0.0000000 1975.0981445
189_Relu 1784.0487549 0.0000000 2418.3483887
191_Relu 2810.2792969 0.0000000 4085.6831055
192_Concat 2299.3193359 0.0000000 4085.6831055
193_Conv 1051.2642701 -2000.7257080 2026.1162109
194_Add 934.1156799 -2449.2568359 2359.1950684
195_Concat 1071.7742157 -2449.2568359 2359.1950684
196_Conv 512.0790314 -991.0452881 999.0714722
197_Conv 427.9345505 -992.1644897 955.5441284
198_Conv 445.1952041 -915.4070435 937.0844116
199_DepthToSpace 445.1952041 -915.4070435 937.0844116
200_Conv 366.7856690 -860.4136963 916.7402344
201_DepthToSpace 435.5299896 -860.4136963 916.7402344
202_Conv 215.7828522 -249.0949249 373.1425476
output_Conv 262.3047180 -126.9659348 466.0917969
