# genetated time: 2023-08-30 17:44:39.278616
# histogram number: 2048
# sample number: 50
# tune number: 5
###
# op_name    threshold    min    max
input 255.0000000 0.0000000 255.0000000
95_Conv 146.8959137 -115.9311295 150.6341705
96_Conv 207.1075256 -267.1723633 210.0502014
98_Relu 283.7324021 0.0000000 504.2981873
100_Relu 282.8119583 0.0000000 489.0526428
101_Concat 283.7324021 0.0000000 504.2981873
103_Relu 802.0943909 0.0000000 1166.5273438
105_Relu 814.8063385 0.0000000 1310.0644531
106_Concat 794.4225952 0.0000000 1310.0644531
107_Conv 199.2717449 -242.6975708 248.0973511
108_Add 195.2993042 -297.1955566 300.3588867
110_Relu 355.7278443 0.0000000 437.7366333
112_Relu 366.2585174 0.0000000 901.1734009
113_Concat 374.6671418 0.0000000 901.1734009
115_Relu 347.7905693 0.0000000 717.8495483
117_Relu 335.9156433 0.0000000 680.0705566
118_Concat 323.1199707 0.0000000 717.8495483
119_Conv 197.1728089 -243.5431519 246.4359131
120_Add 262.5622948 -388.8897095 368.5661316
122_Relu 452.8536316 0.0000000 646.7983398
124_Relu 451.0579529 0.0000000 901.6754150
125_Concat 507.3080444 0.0000000 901.6754150
127_Relu 405.8614883 0.0000000 763.7770386
129_Relu 442.6289673 0.0000000 1011.2293701
130_Concat 410.9879258 0.0000000 1011.2293701
131_Conv 193.6200058 -227.5599365 232.9083557
132_Add 260.7205688 -473.8900757 458.9394531
134_Relu 479.4905945 0.0000000 590.1023560
136_Relu 516.2402954 0.0000000 1031.9764404
137_Concat 580.6190979 0.0000000 1031.9764404
139_Relu 524.0686798 0.0000000 728.9067993
141_Relu 524.9140244 0.0000000 1126.8406982
142_Concat 545.9424896 0.0000000 1126.8406982
143_Conv 220.3035629 -300.3305969 376.8217163
144_Add 313.5006653 -536.2321777 517.2140503
146_Relu 636.0764755 0.0000000 888.6187134
148_Relu 648.6461151 0.0000000 1392.4582520
149_Concat 652.9316376 0.0000000 1392.4582520
151_Relu 620.5420242 0.0000000 817.0120850
153_Relu 625.6530609 0.0000000 1343.0987549
154_Concat 629.7866822 0.0000000 1343.0987549
155_Conv 267.7879410 -372.5317993 345.5472412
156_Add 415.4070709 -710.5396118 620.4267578
158_Relu 580.0750336 0.0000000 923.1592407
160_Relu 625.3679810 0.0000000 1000.1002197
161_Concat 600.2555664 0.0000000 1000.1002197
163_Relu 640.9446655 0.0000000 985.7352905
165_Relu 628.9212647 0.0000000 1197.4160156
166_Concat 625.1190155 0.0000000 1197.4160156
167_Conv 340.4266090 -396.1081543 383.8393555
168_Add 449.6303589 -817.2556763 793.3020630
170_Relu 1065.9967957 0.0000000 1586.1132812
172_Relu 1040.7654053 0.0000000 2234.2265625
173_Concat 1117.4407227 0.0000000 2234.2265625
175_Relu 1150.0058594 0.0000000 1532.5924072
177_Relu 1289.1547852 0.0000000 1585.8771973
178_Concat 1388.3204346 0.0000000 1585.8771973
179_Conv 381.3934845 -730.5595703 651.1696167
180_Add 545.1879761 -965.7807617 990.9428101
182_Relu 1248.9120361 0.0000000 1693.0615234
184_Relu 1212.9051147 0.0000000 2603.7614746
185_Concat 1302.2623535 0.0000000 2603.7614746
187_Relu 2460.6567383 0.0000000 3027.9316406
189_Relu 3134.9516602 0.0000000 4557.7031250
190_Concat 2507.7386719 0.0000000 4557.7031250
191_Conv 1101.5806641 -2002.2514648 1998.8466797
192_Add 1088.1662598 -2246.0058594 2230.6196289
193_Concat 1067.0447876 -2246.0058594 2230.6196289
194_Conv 605.9580811 -1129.4455566 1182.2304688
195_Conv 469.7773681 -945.7225342 988.8270264
196_Conv 401.2645859 -844.6155396 794.8358154
197_DepthToSpace 432.9325111 -844.6155396 794.8358154
198_Conv 227.5530411 -231.4305420 299.5986938
output_Conv 272.3863220 -111.9621582 396.0048523
